211
AB034824_Coregonus_lavaretus      0.0000000 0.1764650 0.0216506 0.0234325 0.0015529 0.0095969 0.0180281 0.2267982 0.2229344 0.1875094 0.1819091 0.0323919 0.0095969 0.0342661 0.0343248 0.0323919 0.1731193 0.0252317 0.0234325 0.0216506 0.0234325 0.0095969 0.0095969 0.0095969 0.0079588 0.0063363 0.0270486 0.0234325 0.0234325 0.0252317 0.0253952 0.0252317 0.0095969 0.0096122 0.0129207 0.0290748 0.0180281 0.0252317 0.0197636 0.1819091 0.1731193 0.1764650 0.1697976 0.1665000 0.1665000 0.0405584 0.2229344 0.2267982 0.1774782 0.0015529 0.1751061 0.0180281 0.0232851 0.0163092 0.0146945 0.0047294 0.1665000 0.1853474 0.0031204 0.0031373 0.0031373 0.0031204 0.0063363 0.0197636 0.0202639 0.0234325 0.0252317 0.0235111 0.0405584 0.0270486 0.0239125 0.0015925 0.0113788 0.0386650 0.0168222 0.1487223 0.1875094 0.1518591 0.1518591 0.1550194 0.1764650 0.1731193 0.0015675 0.2476994 0.2490097 0.0181171 0.0198617 0.0015602 0.0181770 0.0200522 0.0181770 0.0197636 0.0197636 0.0198861 0.0180873 0.0180873 0.0168023 0.0197636 0.0240621 0.0139332 0.0199276 0.0198861 0.0199276 0.0169446 0.0015724 0.0016368 0.0199276 0.0198289 0.0015577 0.0156750 0.0198289 0.0199276 0.0183896 0.0194628 0.0154332 0.0031648 0.0185445 0.0033336 0.0216506 0.0080046 0.0063666 0.0079588 0.0079588 0.0079588 0.0079588 0.0079588 0.0079588 0.0079588 0.0080046 0.0065117 0.1819091 0.1798352 0.1798352 0.1819091 0.1832299 0.0016612 0.0016612 0.0016640 0.0016696 0.0066747 0.0079588 0.0096527 0.0063464 0.0066747 0.0067083 0.0079842 0.0063464 0.0079588 0.0067196 0.0066636 0.0284264 0.0284264 0.0341951 0.0341951 0.0226697 0.0208173 0.0100636 0.0100636 0.0018249 0.2118046 0.3055077 0.3055077 0.0074312 0.0100236 0.0100236 0.2050989 0.2090894 0.0132029 0.0112527 0.0188624 0.0270486 0.0234325 0.2229344 0.0205062 0.0201618 0.0250715 0.0197636 0.0263976 0.0263976 0.0117809 0.0100468 0.0083300 0.0032629 0.0016235 0.0100468 0.0135326 0.0100468 0.0083300 0.0207185 0.0170893 0.0208535 0.0188948 0.0188948 0.1798352 0.1832299 0.0031373 0.0288845 0.0191579 0.0067196 0.0191579 0.0016448 0.0100468 0.0173261 0.0112508 0.0112508 0.0095969 0.0146068 0.0181386 0.0197636 0.0181386 0.0095969 
AP013050_Prosopium_cylindraceum   0.1764650 0.0000000 0.1596349 0.1628237 0.1731193 0.1614106 0.1582032 0.1764340 0.1729370 0.0063724 0.0015613 0.1646416 0.1744778 0.1646416 0.1617780 0.1646416 0.0422389 0.1596349 0.1628237 0.1596349 0.1564695 0.1744778 0.1744778 0.1744778 0.1711750 0.1678964 0.1564695 0.1564695 0.1628237 0.1596349 0.1610455 0.1660362 0.1614106 0.1585625 0.1678964 0.1614106 0.1582032 0.1596349 0.1550194 0.0015613 0.0015529 0.0000010 0.0402755 0.0383309 0.0383309 0.1456089 0.1729370 0.1764340 0.0402180 0.1731193 0.0465573 0.1582032 0.1614106 0.1614106 0.1697976 0.1646416 0.0383309 0.0031373 0.1764650 0.1784954 0.1784954 0.1764650 0.1678964 0.1614106 0.1670919 0.1628237 0.1596349 0.1635608 0.1456089 0.1628237 0.1673421 0.1797502 0.1640161 0.1789140 0.1690330 0.0425387 0.0063724 0.0445382 0.0445382 0.0425387 0.0442211 0.0422389 0.1721778 0.1929213 0.1939148 0.1592856 0.1625177 0.1743276 0.1600150 0.1651199 0.1600150 0.1582032 0.1582032 0.1632262 0.1589233 0.1589233 0.1615773 0.1550194 0.1737530 0.1530894 0.1632636 0.1632262 0.1600150 0.1601379 0.1729851 0.1674523 0.1632636 0.1557232 0.1739231 0.1486374 0.1589233 0.1600150 0.1626178 0.1760356 0.1520530 0.1802175 0.1611994 0.1743004 0.1596349 0.1660362 0.1690536 0.1711750 0.1678964 0.1711750 0.1711750 0.1711750 0.1711750 0.1678964 0.1731193 0.1746572 0.0047294 0.0015529 0.0015529 0.0047294 0.0031204 0.1841772 0.1841772 0.1846405 0.1855735 0.1810586 0.1711750 0.1697976 0.1682804 0.1810586 0.1788194 0.1719618 0.1682804 0.1646416 0.1828402 0.1806183 0.1869681 0.1869681 0.1770850 0.1770850 0.1704733 0.1739626 0.1727423 0.1727423 0.1998881 0.0034612 0.2084508 0.2084508 0.1955338 0.1863588 0.1863588 0.0017109 0.0034394 0.1909081 0.1868560 0.1684712 0.1628237 0.1596349 0.1799539 0.1664767 0.1593343 0.1711750 0.1614106 0.1844196 0.1844196 0.1758047 0.1723269 0.1758047 0.1886472 0.1850412 0.1688754 0.1688754 0.1688754 0.1723269 0.1654501 0.1723269 0.1635307 0.1688754 0.1688754 0.0015529 0.0031204 0.1784954 0.1596349 0.1721758 0.1828402 0.1721758 0.1887320 0.1723269 0.1757033 0.1614106 0.1614106 0.1646416 0.1614106 0.1632262 0.1550194 0.1632262 0.1582032 
EU202649_Coregonus_autumnalis     0.0216506 0.1596349 0.0000000 0.0047025 0.0198861 0.0180281 0.0163092 0.2346101 0.2306898 0.1697976 0.1646416 0.0323919 0.0180281 0.0342661 0.0343248 0.0323919 0.1660362 0.0063007 0.0047025 0.0000010 0.0015529 0.0215159 0.0215159 0.0180281 0.0232851 0.0215159 0.0079135 0.0047025 0.0047025 0.0063007 0.0063363 0.0063007 0.0180281 0.0180577 0.0180281 0.0095969 0.0163092 0.0162115 0.0180281 0.1646416 0.1564695 0.1596349 0.1628237 0.1596349 0.1596349 0.0361583 0.2306898 0.2346101 0.1699100 0.0198861 0.1744778 0.0163092 0.0215159 0.0180281 0.0234325 0.0197636 0.1596349 0.1678964 0.0216506 0.0217871 0.0217871 0.0216506 0.0215159 0.0180281 0.0184822 0.0047025 0.0063007 0.0047173 0.0361583 0.0079135 0.0047926 0.0204276 0.0199940 0.0328846 0.0258844 0.1518591 0.1697976 0.1550194 0.1550194 0.1582032 0.1692725 0.1660362 0.0183199 0.2561965 0.2575577 0.0163893 0.0181171 0.0199854 0.0147263 0.0165439 0.0147263 0.0180281 0.0180281 0.0181386 0.0163625 0.0163625 0.0115859 0.0180281 0.0162840 0.0085728 0.0164432 0.0181386 0.0181770 0.0116826 0.0183811 0.0173475 0.0164432 0.0180873 0.0199522 0.0102880 0.0180873 0.0164432 0.0166346 0.0176005 0.0101316 0.0219800 0.0150211 0.0194538 0.0031204 0.0234325 0.0216232 0.0232851 0.0232851 0.0232851 0.0232851 0.0232851 0.0232851 0.0232851 0.0234325 0.0221383 0.1646416 0.1628237 0.1628237 0.1646416 0.1660362 0.0194882 0.0194882 0.0195228 0.0177163 0.0227182 0.0232851 0.0216506 0.0215515 0.0227182 0.0228378 0.0233628 0.0215515 0.0197636 0.0228780 0.0226786 0.0056297 0.0056297 0.0341951 0.0341951 0.0208173 0.0189838 0.0189273 0.0189273 0.0236472 0.1908657 0.3123312 0.3123312 0.0254261 0.0262465 0.0262465 0.1847087 0.1884697 0.0232902 0.0212271 0.0170602 0.0079135 0.0063007 0.2306898 0.0187021 0.0148968 0.0197636 0.0180281 0.0000010 0.0000010 0.0207185 0.0188948 0.0207185 0.0227093 0.0208535 0.0225606 0.0263009 0.0225606 0.0207185 0.0188948 0.0188948 0.0190166 0.0170893 0.0170893 0.1628237 0.1660362 0.0217871 0.0095417 0.0173261 0.0228780 0.0173261 0.0211474 0.0188948 0.0191579 0.0232851 0.0232851 0.0215159 0.0268750 0.0164081 0.0180281 0.0164081 0.0215159 
EU202650_Coregonus_laurettae      0.0234325 0.1628237 0.0047025 0.0000000 0.0216506 0.0197636 0.0215159 0.2346101 0.2306898 0.1731193 0.1678964 0.0342661 0.0232851 0.0361583 0.0362205 0.0342661 0.1692725 0.0047025 0.0031204 0.0047025 0.0063007 0.0232851 0.0232851 0.0232851 0.0250715 0.0232851 0.0063007 0.0031204 0.0000010 0.0015529 0.0015613 0.0015529 0.0197636 0.0197962 0.0197636 0.0079588 0.0215159 0.0179189 0.0232851 0.1678964 0.1596349 0.1628237 0.1660362 0.1628237 0.1628237 0.0419438 0.2306898 0.2346101 0.1733318 0.0216506 0.1778048 0.0215159 0.0268750 0.0232851 0.0252317 0.0215159 0.1628237 0.1711750 0.0234325 0.0235818 0.0235818 0.0234325 0.0232851 0.0232851 0.0238804 0.0031204 0.0047025 0.0031301 0.0419438 0.0063007 0.0000010 0.0222432 0.0253679 0.0367193 0.0277529 0.1550194 0.1731193 0.1582032 0.1582032 0.1614106 0.1725327 0.1692725 0.0200857 0.2561965 0.2575577 0.0216232 0.0234018 0.0217593 0.0199276 0.0218324 0.0199276 0.0232851 0.0232851 0.0234325 0.0215873 0.0215873 0.0168023 0.0232851 0.0220850 0.0139332 0.0216953 0.0234325 0.0234802 0.0169446 0.0201532 0.0191824 0.0216953 0.0233628 0.0217230 0.0156750 0.0233628 0.0216953 0.0219516 0.0232459 0.0154332 0.0237907 0.0203326 0.0213354 0.0047025 0.0252317 0.0234018 0.0250715 0.0250715 0.0250715 0.0250715 0.0250715 0.0250715 0.0250715 0.0252317 0.0239620 0.1678964 0.1660362 0.1660362 0.1678964 0.1692725 0.0213734 0.0213734 0.0214115 0.0195923 0.0245928 0.0250715 0.0234325 0.0233239 0.0245928 0.0247230 0.0251555 0.0233239 0.0215159 0.0247667 0.0245497 0.0000010 0.0000010 0.0361830 0.0361830 0.0264314 0.0245410 0.0207543 0.0207543 0.0257690 0.1947094 0.3123312 0.3123312 0.0275404 0.0281431 0.0281431 0.1884697 0.1922612 0.0253766 0.0232902 0.0225216 0.0063007 0.0047025 0.2306898 0.0241687 0.0201618 0.0250715 0.0232851 0.0056616 0.0056616 0.0225606 0.0207185 0.0225606 0.0245841 0.0227093 0.0244214 0.0281994 0.0244214 0.0225606 0.0244214 0.0244214 0.0245841 0.0225606 0.0225606 0.1660362 0.1692725 0.0235818 0.0079135 0.0228780 0.0247667 0.0228780 0.0230310 0.0207185 0.0247667 0.0250715 0.0250715 0.0232851 0.0286959 0.0216506 0.0232851 0.0216506 0.0232851 
EU202651_Coregonus_pidschian      0.0015529 0.1731193 0.0198861 0.0216506 0.0000000 0.0079588 0.0163092 0.2267982 0.2229344 0.1840273 0.1784954 0.0305355 0.0079588 0.0323919 0.0324471 0.0305355 0.1697976 0.0234325 0.0216506 0.0198861 0.0216506 0.0079588 0.0079588 0.0079588 0.0063363 0.0047294 0.0252317 0.0216506 0.0216506 0.0234325 0.0235818 0.0234325 0.0079588 0.0079715 0.0112508 0.0272259 0.0163092 0.0234325 0.0180281 0.1784954 0.1697976 0.1731193 0.1665000 0.1632262 0.1632262 0.0385973 0.2229344 0.2267982 0.1739626 0.0000010 0.1717410 0.0163092 0.0215159 0.0146068 0.0129975 0.0031373 0.1632262 0.1819091 0.0015529 0.0015613 0.0015613 0.0015529 0.0047294 0.0180281 0.0184822 0.0216506 0.0234325 0.0217230 0.0385973 0.0252317 0.0220920 0.0000010 0.0097055 0.0367193 0.0150634 0.1456089 0.1840273 0.1487223 0.1487223 0.1518591 0.1731193 0.1697976 0.0000010 0.2476994 0.2490097 0.0163893 0.0181171 0.0000010 0.0164432 0.0182894 0.0164432 0.0180281 0.0180281 0.0181386 0.0163625 0.0163625 0.0150462 0.0180281 0.0220850 0.0121279 0.0181770 0.0181386 0.0181770 0.0151730 0.0000010 0.0000010 0.0181770 0.0180873 0.0000010 0.0138608 0.0180873 0.0181770 0.0166346 0.0176005 0.0136480 0.0015749 0.0167741 0.0016585 0.0198861 0.0063724 0.0047519 0.0063363 0.0063363 0.0063363 0.0063363 0.0063363 0.0063363 0.0063363 0.0063724 0.0048597 0.1784954 0.1764650 0.1764650 0.1784954 0.1798352 0.0000010 0.0000010 0.0000010 0.0000010 0.0049807 0.0063363 0.0080046 0.0047369 0.0049807 0.0050056 0.0063565 0.0047369 0.0063363 0.0050140 0.0049725 0.0262369 0.0262369 0.0322271 0.0322271 0.0208173 0.0189838 0.0083439 0.0083439 0.0000010 0.2077619 0.3055077 0.3055077 0.0055420 0.0083106 0.0083106 0.2011404 0.2050989 0.0112527 0.0093243 0.0170602 0.0252317 0.0216506 0.2229344 0.0187021 0.0183896 0.0232851 0.0180281 0.0242198 0.0242198 0.0100468 0.0083300 0.0066304 0.0016235 0.0000010 0.0083300 0.0117809 0.0083300 0.0066304 0.0188948 0.0153020 0.0190166 0.0170893 0.0170893 0.1764650 0.1798352 0.0015613 0.0270486 0.0173261 0.0050140 0.0173261 0.0000010 0.0083300 0.0155130 0.0095969 0.0095969 0.0079588 0.0129207 0.0164081 0.0180281 0.0164081 0.0079588 
EU202652_Coregonus_nasus          0.0095969 0.1614106 0.0180281 0.0197636 0.0079588 0.0000000 0.0145202 0.2217528 0.2179003 0.1717410 0.1665000 0.0307373 0.0128449 0.0326083 0.0326642 0.0307373 0.1582032 0.0215159 0.0197636 0.0180281 0.0197636 0.0128449 0.0128449 0.0128449 0.0111854 0.0095417 0.0232851 0.0197636 0.0197636 0.0215159 0.0216506 0.0215159 0.0000010 0.0000010 0.0031204 0.0252317 0.0145202 0.0215159 0.0162115 0.1665000 0.1582032 0.1614106 0.1550194 0.1518591 0.1518591 0.0402755 0.2179003 0.2217528 0.1616648 0.0079588 0.1599762 0.0145202 0.0196427 0.0162115 0.0047294 0.0079135 0.1518591 0.1697976 0.0095969 0.0096527 0.0096527 0.0095969 0.0095417 0.0162115 0.0166152 0.0197636 0.0215159 0.0198289 0.0402755 0.0232851 0.0201618 0.0081668 0.0113119 0.0307898 0.0132414 0.1349643 0.1717410 0.1379666 0.1379666 0.1409922 0.1614106 0.1582032 0.0080355 0.2423348 0.2436196 0.0145907 0.0162906 0.0079970 0.0146382 0.0164432 0.0146382 0.0162115 0.0162115 0.0163092 0.0145671 0.0145671 0.0132270 0.0162115 0.0199918 0.0102770 0.0163439 0.0163092 0.0163439 0.0133372 0.0080614 0.0084000 0.0163439 0.0162642 0.0079842 0.0119899 0.0162642 0.0163439 0.0148067 0.0156562 0.0118079 0.0097370 0.0149294 0.0102704 0.0180281 0.0112508 0.0095874 0.0111854 0.0111854 0.0111854 0.0111854 0.0111854 0.0111854 0.0111854 0.0112508 0.0098068 0.1665000 0.1646416 0.1646416 0.1665000 0.1678964 0.0085290 0.0085290 0.0085435 0.0085728 0.0100532 0.0111854 0.0129207 0.0095569 0.0100532 0.0101040 0.0112213 0.0095569 0.0111854 0.0101210 0.0100364 0.0238925 0.0238925 0.0324531 0.0324531 0.0188624 0.0170602 0.0000010 0.0000010 0.0093943 0.1933169 0.2971205 0.2971205 0.0111974 0.0134191 0.0134191 0.1870524 0.1908657 0.0018117 0.0000010 0.0151811 0.0232851 0.0197636 0.2179003 0.0168106 0.0165329 0.0213829 0.0162115 0.0219030 0.0219030 0.0016235 0.0000010 0.0016235 0.0100468 0.0083300 0.0099863 0.0134493 0.0099863 0.0082804 0.0169818 0.0169818 0.0170893 0.0152068 0.0152068 0.1646416 0.1678964 0.0096527 0.0250715 0.0154150 0.0101210 0.0154150 0.0084426 0.0000010 0.0172155 0.0111854 0.0111854 0.0095417 0.0145202 0.0146068 0.0162115 0.0146068 0.0095417 
EU202653_Coregonus_sardinella     0.0180281 0.1582032 0.0163092 0.0215159 0.0163092 0.0145202 0.0000000 0.2256316 0.2217528 0.1751061 0.1632262 0.0288845 0.0179189 0.0307373 0.0307898 0.0288845 0.1550194 0.0232851 0.0215159 0.0163092 0.0180281 0.0213829 0.0213829 0.0179189 0.0196427 0.0179189 0.0250715 0.0215159 0.0215159 0.0232851 0.0234325 0.0232851 0.0145202 0.0145436 0.0179189 0.0270486 0.0000010 0.0063363 0.0015529 0.1632262 0.1550194 0.1582032 0.1518591 0.1487223 0.1550194 0.0383309 0.2217528 0.2256316 0.1583004 0.0163092 0.1567499 0.0031204 0.0047025 0.0015529 0.0163092 0.0162115 0.1487223 0.1665000 0.0180281 0.0181386 0.0181386 0.0180281 0.0179189 0.0015529 0.0015899 0.0215159 0.0232851 0.0215873 0.0383309 0.0250715 0.0219516 0.0167460 0.0163974 0.0345569 0.0220632 0.1319853 0.1751061 0.1349643 0.1349643 0.1379666 0.1582032 0.1550194 0.0147504 0.2465439 0.2478531 0.0000010 0.0015602 0.0163893 0.0000010 0.0015736 0.0000010 0.0015529 0.0015529 0.0015613 0.0000010 0.0000010 0.0000010 0.0015529 0.0087901 0.0000010 0.0015650 0.0015613 0.0015650 0.0000010 0.0147989 0.0136480 0.0015650 0.0015577 0.0163625 0.0016612 0.0015577 0.0015650 0.0000010 0.0000010 0.0000010 0.0182979 0.0015950 0.0156478 0.0197636 0.0197636 0.0180069 0.0196427 0.0196427 0.0196427 0.0196427 0.0196427 0.0196427 0.0196427 0.0197636 0.0184289 0.1697976 0.1614106 0.1614106 0.1697976 0.1646416 0.0156750 0.0156750 0.0157024 0.0157574 0.0189035 0.0196427 0.0180281 0.0179481 0.0189035 0.0190014 0.0197072 0.0179481 0.0162115 0.0190343 0.0188711 0.0260366 0.0260366 0.0304888 0.0304888 0.0032761 0.0016300 0.0152325 0.0152325 0.0193354 0.1894499 0.3038233 0.3038233 0.0211149 0.0223667 0.0223667 0.1832690 0.1870524 0.0190507 0.0170493 0.0000010 0.0250715 0.0215159 0.2217528 0.0016078 0.0015824 0.0095417 0.0015529 0.0197945 0.0197945 0.0169818 0.0152068 0.0169818 0.0188948 0.0170893 0.0187746 0.0224140 0.0187746 0.0169818 0.0016235 0.0016235 0.0016327 0.0000010 0.0032629 0.1614106 0.1646416 0.0181386 0.0268750 0.0000010 0.0190343 0.0000010 0.0173261 0.0152068 0.0016448 0.0196427 0.0196427 0.0179189 0.0231398 0.0015613 0.0015529 0.0015613 0.0179189 
EU202654_Prosopium_coulterii      0.2267982 0.1764340 0.2346101 0.2346101 0.2267982 0.2217528 0.2256316 0.0000000 0.0063007 0.1953087 0.1821209 0.2164887 0.2295371 0.2164887 0.2170234 0.2164887 0.1735708 0.2306898 0.2346101 0.2346101 0.2306898 0.2256316 0.2217528 0.2295371 0.2256316 0.2217528 0.2267982 0.2267982 0.2346101 0.2306898 0.2374315 0.2385597 0.2217528 0.2184459 0.2295371 0.2334702 0.2256316 0.2190978 0.2295371 0.1821209 0.1729370 0.1764340 0.1700294 0.1700294 0.1665116 0.2374315 0.0063007 0.0000010 0.1782527 0.2267982 0.1721051 0.2256316 0.2295371 0.2295371 0.2323206 0.2256316 0.1700294 0.1857098 0.2306898 0.2334702 0.2334702 0.2306898 0.2217528 0.2295371 0.2344039 0.2346101 0.2306898 0.2357894 0.2374315 0.2306898 0.2418496 0.2321358 0.2256976 0.2261982 0.2211362 0.1756934 0.1953087 0.1793049 0.1793049 0.1756934 0.1771355 0.1735708 0.2263071 0.0032547 0.0032654 0.2273389 0.2312768 0.2285053 0.2284900 0.2352878 0.2284900 0.2256316 0.2256316 0.2323206 0.2267673 0.2267673 0.2321537 0.2217528 0.2470674 0.2249502 0.2245579 0.2323206 0.2284900 0.2310913 0.2274517 0.2231733 0.2324497 0.2306943 0.2279337 0.2231419 0.2267673 0.2284900 0.2285922 0.2419563 0.2219292 0.2319897 0.2315533 0.2321128 0.2346101 0.2152877 0.2234283 0.2256316 0.2217528 0.2256316 0.2256316 0.2256316 0.2256316 0.2217528 0.2283739 0.2275162 0.1893224 0.1729370 0.1729370 0.1893224 0.1764340 0.2399979 0.2399979 0.2406476 0.2419563 0.2366437 0.2179003 0.2323206 0.2223088 0.2366437 0.2385471 0.2228673 0.2223088 0.2256316 0.2391875 0.2360152 0.2737889 0.2737889 0.2301390 0.2301390 0.2491745 0.2449164 0.2347669 0.2347669 0.2565682 0.2022737 0.0195502 0.0195502 0.2481892 0.2423348 0.2423348 0.1955466 0.1995959 0.2570609 0.2522354 0.2376838 0.2346101 0.2385597 0.0015529 0.2387074 0.2326014 0.2414218 0.2217528 0.2763412 0.2763412 0.2383126 0.2341472 0.2383126 0.2353418 0.2394943 0.2341472 0.2259056 0.2341472 0.2300118 0.2341472 0.2425090 0.2353418 0.2383126 0.2383126 0.1764340 0.1799539 0.2334702 0.2306898 0.2434512 0.2391875 0.2434512 0.2446357 0.2341472 0.2477475 0.2179003 0.2179003 0.2217528 0.2179003 0.2323206 0.2256316 0.2323206 0.2217528 
EU202655_Prosopium_coulterii      0.2229344 0.1729370 0.2306898 0.2306898 0.2229344 0.2179003 0.2217528 0.0063007 0.0000000 0.1916274 0.1785554 0.2202827 0.2256316 0.2202827 0.2208278 0.2202827 0.1700294 0.2267982 0.2306898 0.2306898 0.2267982 0.2217528 0.2179003 0.2256316 0.2217528 0.2179003 0.2229344 0.2229344 0.2306898 0.2267982 0.2334702 0.2346101 0.2179003 0.2146087 0.2256316 0.2295371 0.2217528 0.2152877 0.2256316 0.1785554 0.1694648 0.1729370 0.1665116 0.1665116 0.1630165 0.2334702 0.0000010 0.0063007 0.1782527 0.2229344 0.1685400 0.2217528 0.2256316 0.2256316 0.2283739 0.2217528 0.1665116 0.1821209 0.2267982 0.2295371 0.2295371 0.2267982 0.2179003 0.2256316 0.2344039 0.2306898 0.2267982 0.2318471 0.2334702 0.2267982 0.2377933 0.2321358 0.2256976 0.2223088 0.2211362 0.1721051 0.1916274 0.1756934 0.1756934 0.1721051 0.1735708 0.1700294 0.2224066 0.0082612 0.0082886 0.2234283 0.2273389 0.2246094 0.2245579 0.2312867 0.2245579 0.2217528 0.2217528 0.2283739 0.2228673 0.2228673 0.2281053 0.2179003 0.2426650 0.2207769 0.2206527 0.2283739 0.2245579 0.2270143 0.2235296 0.2191303 0.2284900 0.2267673 0.2240485 0.2190047 0.2228673 0.2245579 0.2285922 0.2419563 0.2178686 0.2319897 0.2275162 0.2279428 0.2306898 0.2115037 0.2195443 0.2217528 0.2179003 0.2217528 0.2140734 0.2217528 0.2217528 0.2179003 0.2244536 0.2275162 0.1857098 0.1694648 0.1694648 0.1857098 0.1729370 0.2399979 0.2399979 0.2406476 0.2419563 0.2366437 0.2140734 0.2283739 0.2184459 0.2366437 0.2385471 0.2189939 0.2184459 0.2217528 0.2391875 0.2360152 0.2737889 0.2737889 0.2383953 0.2383953 0.2491745 0.2449164 0.2347669 0.2347669 0.2565682 0.2022737 0.0274791 0.0274791 0.2481892 0.2423348 0.2423348 0.1955466 0.1995959 0.2474507 0.2522354 0.2376838 0.2306898 0.2346101 0.0079135 0.2387074 0.2326014 0.2374315 0.2179003 0.2763412 0.2763412 0.2383126 0.2341472 0.2383126 0.2353418 0.2394943 0.2341472 0.2259056 0.2341472 0.2300118 0.2341472 0.2425090 0.2353418 0.2383126 0.2383126 0.1729370 0.1764340 0.2295371 0.2267982 0.2434512 0.2391875 0.2434512 0.2446357 0.2341472 0.2477475 0.2140734 0.2140734 0.2179003 0.2140734 0.2283739 0.2217528 0.2283739 0.2179003 
EU202656_Prosopium_cylindraceum   0.1875094 0.0063724 0.1697976 0.1731193 0.1840273 0.1717410 0.1751061 0.1953087 0.1916274 0.0000000 0.0047294 0.1751061 0.1853474 0.1751061 0.1721420 0.1751061 0.0510322 0.1697976 0.1731193 0.1697976 0.1665000 0.1853474 0.1853474 0.1853474 0.1819091 0.1784954 0.1665000 0.1665000 0.1731193 0.1697976 0.1711750 0.1764650 0.1717410 0.1687922 0.1784954 0.1717410 0.1751061 0.1764650 0.1717410 0.0047294 0.0080046 0.0063724 0.0489549 0.0468977 0.0468977 0.1552742 0.1916274 0.1953087 0.0492921 0.1840273 0.0556728 0.1683999 0.1784954 0.1784954 0.1805696 0.1751061 0.0468977 0.0063363 0.1875094 0.1897179 0.1897179 0.1875094 0.1784954 0.1784954 0.1849709 0.1731193 0.1697976 0.1739231 0.1552742 0.1731193 0.1780486 0.1912524 0.1745848 0.1901734 0.1800663 0.0514169 0.0000010 0.0535344 0.0535344 0.0514169 0.0531297 0.0510322 0.1866765 0.2136750 0.2147990 0.1763406 0.1797566 0.1853432 0.1771727 0.1827266 0.1771727 0.1751061 0.1751061 0.1805696 0.1759273 0.1759273 0.1757308 0.1717410 0.1898716 0.1673793 0.1806067 0.1805696 0.1771727 0.1743483 0.1875753 0.1823059 0.1806067 0.1725447 0.1849026 0.1626086 0.1759273 0.1771727 0.1801430 0.1954810 0.1659690 0.1915942 0.1753080 0.1897336 0.1697976 0.1764650 0.1797566 0.1819091 0.1784954 0.1819091 0.1819091 0.1819091 0.1819091 0.1784954 0.1840273 0.1858673 0.0015613 0.0080046 0.0080046 0.0015613 0.0096527 0.2002879 0.2002879 0.2008054 0.2018477 0.1928544 0.1819091 0.1805696 0.1789140 0.1928544 0.1905846 0.1827660 0.1789140 0.1751061 0.1948012 0.1923736 0.2007489 0.2007489 0.1886893 0.1886893 0.1891177 0.1928095 0.1841181 0.1841181 0.2142643 0.0069968 0.2305083 0.2305083 0.2095007 0.1982847 0.1982847 0.0051874 0.0069532 0.2046317 0.2003908 0.1868285 0.1731193 0.1697976 0.1990135 0.1845496 0.1766701 0.1819091 0.1784954 0.1981641 0.1981641 0.1872905 0.1836639 0.1872905 0.2007789 0.1970215 0.1800643 0.1800643 0.1800643 0.1836639 0.1836639 0.1909443 0.1814625 0.1872905 0.1800643 0.0080046 0.0096527 0.1897179 0.1697976 0.1910639 0.1948012 0.1910639 0.2010480 0.1836639 0.1948012 0.1717410 0.1717410 0.1751061 0.1717410 0.1771364 0.1717410 0.1771364 0.1683999 
EU202657_Prosopium_cylindraceum   0.1819091 0.0015613 0.1646416 0.1678964 0.1784954 0.1665000 0.1632262 0.1821209 0.1785554 0.0047294 0.0000000 0.1697976 0.1798352 0.1697976 0.1668839 0.1697976 0.0445382 0.1646416 0.1678964 0.1646416 0.1614106 0.1798352 0.1798352 0.1798352 0.1764650 0.1731193 0.1614106 0.1614106 0.1678964 0.1646416 0.1660362 0.1711750 0.1665000 0.1636017 0.1731193 0.1665000 0.1632262 0.1646416 0.1599762 0.0000010 0.0031373 0.0015613 0.0425387 0.0405584 0.0405584 0.1503682 0.1785554 0.1821209 0.0425814 0.1784954 0.0489549 0.1632262 0.1665000 0.1665000 0.1751061 0.1697976 0.0405584 0.0015529 0.1819091 0.1840273 0.1840273 0.1819091 0.1731193 0.1665000 0.1724373 0.1678964 0.1646416 0.1686662 0.1503682 0.1678964 0.1726165 0.1854181 0.1692225 0.1844640 0.1744682 0.0448605 0.0047294 0.0468977 0.0468977 0.0448605 0.0465573 0.0445382 0.1775914 0.1992371 0.2002737 0.1643575 0.1676567 0.1797566 0.1651199 0.1703786 0.1651199 0.1632262 0.1632262 0.1683999 0.1639788 0.1639788 0.1668346 0.1599762 0.1797712 0.1583706 0.1684362 0.1683999 0.1651199 0.1654119 0.1784345 0.1729823 0.1684362 0.1607121 0.1793344 0.1537893 0.1639788 0.1651199 0.1678410 0.1818784 0.1571953 0.1858250 0.1664392 0.1800622 0.1646416 0.1711750 0.1743276 0.1764650 0.1731193 0.1764650 0.1764650 0.1764650 0.1764650 0.1731193 0.1784954 0.1801803 0.0031204 0.0031373 0.0031373 0.0031204 0.0047294 0.1902159 0.1902159 0.1907004 0.1916762 0.1868697 0.1764650 0.1751061 0.1735203 0.1868697 0.1846145 0.1772863 0.1735203 0.1697976 0.1887320 0.1864095 0.1937449 0.1937449 0.1828010 0.1828010 0.1760588 0.1796221 0.1783451 0.1783451 0.2069659 0.0017109 0.2084508 0.2084508 0.2024087 0.1922360 0.1922360 0.0000010 0.0017008 0.1976620 0.1935157 0.1739626 0.1678964 0.1646416 0.1857098 0.1718765 0.1644883 0.1764650 0.1665000 0.1911773 0.1911773 0.1814625 0.1779107 0.1814625 0.1946256 0.1909443 0.1743855 0.1743855 0.1743855 0.1779107 0.1708868 0.1779107 0.1688754 0.1743855 0.1743855 0.0031373 0.0047294 0.1840273 0.1646416 0.1778387 0.1887320 0.1778387 0.1948012 0.1779107 0.1814421 0.1665000 0.1665000 0.1697976 0.1665000 0.1683999 0.1599762 0.1683999 0.1632262 
EU202658_Stenodus_leucichthys     0.0323919 0.1646416 0.0323919 0.0342661 0.0305355 0.0307373 0.0288845 0.2164887 0.2202827 0.1751061 0.1697976 0.0000000 0.0344974 0.0015529 0.0015553 0.0000010 0.1582032 0.0361583 0.0342661 0.0323919 0.0342661 0.0344974 0.0344974 0.0344974 0.0326083 0.0307373 0.0380686 0.0342661 0.0342661 0.0361583 0.0364049 0.0361583 0.0307373 0.0307898 0.0344974 0.0402755 0.0288845 0.0323919 0.0307373 0.1697976 0.1614106 0.1646416 0.1550194 0.1518591 0.1582032 0.0383309 0.2202827 0.2164887 0.1616648 0.0305355 0.1599762 0.0288845 0.0344974 0.0307373 0.0328278 0.0288845 0.1518591 0.1731193 0.0323919 0.0326083 0.0326083 0.0323919 0.0307373 0.0307373 0.0315443 0.0342661 0.0361583 0.0343837 0.0383309 0.0380686 0.0349836 0.0313859 0.0368511 0.0532268 0.0396386 0.1503682 0.1751061 0.1472129 0.1472129 0.1503682 0.1614106 0.1582032 0.0308490 0.2363782 0.2376159 0.0290323 0.0308954 0.0306915 0.0291317 0.0293255 0.0291317 0.0307373 0.0307373 0.0290748 0.0289829 0.0289829 0.0278979 0.0307373 0.0324345 0.0253401 0.0310017 0.0290748 0.0310017 0.0281431 0.0309549 0.0303868 0.0310017 0.0308425 0.0306393 0.0232784 0.0308425 0.0310017 0.0294851 0.0292750 0.0286465 0.0328956 0.0297428 0.0308269 0.0323919 0.0328278 0.0308954 0.0326083 0.0326083 0.0326083 0.0326083 0.0326083 0.0326083 0.0326083 0.0328278 0.0316552 0.1697976 0.1678964 0.1678964 0.1697976 0.1711750 0.0328732 0.0328732 0.0329332 0.0330539 0.0325117 0.0326083 0.0309421 0.0307898 0.0325117 0.0326885 0.0327204 0.0307898 0.0288845 0.0327479 0.0324531 0.0394321 0.0394321 0.0000010 0.0000010 0.0344327 0.0324471 0.0323367 0.0323367 0.0342343 0.1933169 0.2680198 0.2680198 0.0342977 0.0361754 0.0361754 0.1870524 0.1908657 0.0364563 0.0342288 0.0302718 0.0380686 0.0361583 0.2127215 0.0319356 0.0313796 0.0326083 0.0307373 0.0373661 0.0373661 0.0342517 0.0322788 0.0342517 0.0340119 0.0320553 0.0362446 0.0402914 0.0362446 0.0342517 0.0322788 0.0322788 0.0325057 0.0303258 0.0303258 0.1678964 0.1711750 0.0307373 0.0399970 0.0307644 0.0327479 0.0307644 0.0325176 0.0322788 0.0327479 0.0364049 0.0364049 0.0344974 0.0402755 0.0290748 0.0270486 0.0290748 0.0344974 
EU427541_Coregonus_pidschian      0.0095969 0.1744778 0.0180281 0.0232851 0.0079588 0.0128449 0.0179189 0.2295371 0.2256316 0.1853474 0.1798352 0.0344974 0.0000000 0.0364049 0.0364680 0.0344974 0.1778048 0.0250715 0.0232851 0.0180281 0.0197636 0.0031204 0.0031204 0.0000010 0.0047025 0.0031204 0.0268750 0.0232851 0.0232851 0.0250715 0.0252317 0.0250715 0.0128449 0.0128655 0.0162115 0.0288845 0.0179189 0.0250715 0.0196427 0.1798352 0.1711750 0.1744778 0.1744778 0.1711750 0.1711750 0.0364049 0.2256316 0.2295371 0.1823984 0.0079588 0.1798352 0.0179189 0.0231398 0.0162115 0.0180281 0.0047025 0.1711750 0.1832299 0.0095969 0.0096527 0.0096527 0.0095969 0.0031204 0.0196427 0.0201367 0.0232851 0.0250715 0.0233628 0.0364049 0.0268750 0.0237589 0.0081668 0.0113119 0.0403460 0.0202639 0.1533274 0.1853474 0.1564695 0.1564695 0.1596349 0.1811564 0.1778048 0.0080355 0.2507843 0.2521183 0.0180069 0.0197395 0.0079970 0.0180660 0.0199276 0.0180660 0.0196427 0.0196427 0.0197636 0.0179775 0.0179775 0.0149542 0.0196427 0.0219326 0.0120518 0.0198046 0.0197636 0.0198046 0.0150794 0.0080614 0.0066859 0.0198046 0.0197072 0.0079842 0.0137733 0.0197072 0.0198046 0.0182759 0.0193351 0.0135632 0.0097370 0.0184289 0.0085144 0.0215159 0.0047294 0.0031350 0.0047025 0.0047025 0.0047025 0.0047025 0.0047025 0.0047025 0.0047025 0.0047294 0.0032054 0.1798352 0.1778048 0.1778048 0.1798352 0.1811564 0.0085290 0.0085290 0.0085435 0.0068227 0.0032843 0.0047025 0.0063363 0.0031253 0.0032843 0.0033006 0.0047173 0.0031253 0.0047025 0.0033060 0.0032790 0.0282053 0.0282053 0.0364424 0.0364424 0.0225216 0.0206828 0.0134719 0.0134719 0.0093943 0.2090894 0.3174994 0.3174994 0.0036499 0.0065759 0.0065759 0.2024912 0.2064295 0.0170493 0.0150700 0.0187426 0.0268750 0.0232851 0.2256316 0.0203758 0.0200359 0.0179189 0.0196427 0.0219030 0.0219030 0.0152068 0.0134493 0.0117092 0.0100468 0.0083300 0.0134493 0.0169818 0.0134493 0.0117092 0.0205853 0.0169818 0.0207185 0.0187746 0.0187746 0.1778048 0.1811564 0.0096527 0.0286959 0.0190343 0.0033060 0.0190343 0.0084426 0.0134493 0.0172155 0.0145202 0.0145202 0.0128449 0.0179189 0.0180281 0.0196427 0.0180281 0.0128449 
EU522426_Stenodus_leucichthys     0.0342661 0.1646416 0.0342661 0.0361583 0.0323919 0.0326083 0.0307373 0.2164887 0.2202827 0.1751061 0.1697976 0.0015529 0.0364049 0.0000000 0.0000010 0.0015529 0.1614106 0.0380686 0.0361583 0.0342661 0.0361583 0.0364049 0.0364049 0.0364049 0.0344974 0.0326083 0.0399970 0.0361583 0.0361583 0.0380686 0.0383309 0.0380686 0.0326083 0.0326642 0.0364049 0.0422389 0.0307373 0.0342661 0.0326083 0.1697976 0.1614106 0.1646416 0.1582032 0.1550194 0.1614106 0.0402755 0.2202827 0.2164887 0.1650550 0.0323919 0.1632262 0.0307373 0.0364049 0.0326083 0.0347321 0.0307373 0.1550194 0.1731193 0.0342661 0.0344974 0.0344974 0.0342661 0.0326083 0.0326083 0.0334686 0.0361583 0.0380686 0.0362829 0.0402755 0.0399970 0.0369190 0.0332983 0.0388030 0.0553490 0.0416580 0.1535472 0.1751061 0.1503682 0.1503682 0.1535472 0.1646416 0.1614106 0.0327260 0.2363782 0.2376159 0.0308954 0.0327768 0.0325581 0.0310017 0.0312102 0.0310017 0.0288845 0.0288845 0.0309421 0.0308425 0.0308425 0.0297948 0.0326083 0.0345436 0.0272976 0.0328901 0.0309421 0.0291317 0.0300580 0.0328389 0.0323427 0.0328901 0.0327204 0.0325025 0.0252033 0.0289829 0.0291317 0.0313796 0.0312731 0.0305984 0.0348014 0.0278494 0.0328134 0.0342661 0.0347321 0.0327768 0.0344974 0.0344974 0.0344974 0.0344974 0.0344974 0.0344974 0.0344974 0.0347321 0.0335867 0.1697976 0.1678964 0.1678964 0.1697976 0.1711750 0.0348841 0.0348841 0.0349481 0.0350768 0.0345000 0.0344974 0.0328278 0.0326642 0.0345000 0.0346887 0.0346166 0.0326642 0.0307373 0.0347520 0.0344376 0.0417549 0.0417549 0.0016314 0.0016314 0.0364388 0.0344327 0.0343134 0.0343134 0.0364603 0.1933169 0.2743392 0.2743392 0.0365302 0.0381861 0.0381861 0.1870524 0.1908657 0.0387092 0.0364563 0.0322211 0.0399970 0.0380686 0.2127215 0.0338857 0.0332929 0.0344974 0.0326083 0.0396783 0.0396783 0.0362446 0.0342517 0.0362446 0.0359882 0.0340119 0.0382579 0.0423456 0.0382579 0.0362446 0.0342517 0.0342517 0.0325057 0.0322788 0.0322788 0.1678964 0.1711750 0.0326083 0.0419438 0.0327479 0.0347520 0.0327479 0.0345049 0.0342517 0.0347520 0.0383309 0.0383309 0.0364049 0.0422389 0.0309421 0.0288845 0.0309421 0.0364049 
EU522427_Stenodus_leucichthys     0.0343248 0.1617780 0.0343248 0.0362205 0.0324471 0.0326642 0.0307898 0.2170234 0.2208278 0.1721420 0.1668839 0.0015553 0.0364680 0.0000010 0.0000000 0.0015553 0.1585625 0.0381343 0.0362205 0.0343248 0.0362205 0.0364680 0.0364680 0.0364680 0.0345569 0.0326642 0.0400664 0.0362205 0.0362205 0.0381343 0.0383976 0.0381343 0.0326642 0.0327204 0.0364680 0.0423131 0.0307898 0.0343248 0.0307898 0.1668839 0.1585625 0.1617780 0.1553706 0.1522022 0.1585625 0.0403460 0.2208278 0.2170234 0.1620508 0.0324471 0.1603433 0.0307898 0.0364680 0.0326642 0.0347925 0.0307898 0.1522022 0.1701901 0.0343248 0.0345569 0.0345569 0.0343248 0.0326642 0.0326642 0.0335275 0.0362205 0.0381343 0.0363455 0.0403460 0.0400664 0.0369838 0.0333566 0.0388714 0.0554509 0.0417334 0.1507108 0.1721420 0.1475475 0.1475475 0.1507108 0.1617780 0.1585625 0.0327823 0.2369956 0.2382391 0.0309485 0.0328333 0.0326139 0.0310551 0.0312643 0.0310551 0.0289336 0.0289336 0.0309953 0.0308954 0.0308954 0.0298471 0.0326642 0.0346101 0.0273473 0.0329470 0.0309953 0.0291817 0.0301112 0.0328956 0.0324008 0.0329470 0.0327768 0.0325581 0.0252488 0.0290323 0.0291817 0.0314343 0.0313307 0.0306535 0.0348620 0.0278979 0.0328732 0.0343248 0.0347925 0.0328333 0.0345569 0.0345569 0.0345569 0.0345569 0.0345569 0.0345569 0.0345569 0.0347925 0.0336461 0.1668839 0.1650173 0.1650173 0.1668839 0.1682804 0.0349481 0.0349481 0.0350123 0.0351415 0.0345627 0.0345569 0.0328846 0.0327204 0.0345627 0.0347520 0.0346765 0.0327204 0.0307898 0.0348156 0.0345000 0.0417549 0.0417549 0.0016341 0.0016341 0.0344952 0.0344952 0.0343754 0.0343754 0.0364603 0.1899451 0.2743392 0.2743392 0.0366043 0.0382556 0.0382556 0.1837420 0.1875363 0.0387880 0.0365302 0.0322788 0.0400664 0.0381343 0.2132460 0.0339462 0.0333512 0.0345569 0.0326642 0.0396783 0.0396783 0.0363103 0.0343134 0.0363103 0.0360529 0.0340728 0.0383275 0.0424234 0.0383275 0.0363103 0.0343134 0.0343134 0.0325645 0.0323367 0.0323367 0.1650173 0.1682804 0.0326642 0.0420169 0.0328075 0.0348156 0.0328075 0.0345675 0.0343134 0.0348156 0.0383976 0.0383976 0.0364680 0.0423131 0.0309953 0.0289336 0.0309953 0.0364680 
EU522428_Stenodus_leucichthys     0.0323919 0.1646416 0.0323919 0.0342661 0.0305355 0.0307373 0.0288845 0.2164887 0.2202827 0.1751061 0.1697976 0.0000010 0.0344974 0.0015529 0.0015553 0.0000000 0.1582032 0.0361583 0.0342661 0.0323919 0.0342661 0.0344974 0.0344974 0.0344974 0.0326083 0.0307373 0.0380686 0.0342661 0.0342661 0.0361583 0.0364049 0.0361583 0.0307373 0.0307898 0.0344974 0.0402755 0.0288845 0.0323919 0.0307373 0.1697976 0.1614106 0.1646416 0.1550194 0.1518591 0.1582032 0.0383309 0.2202827 0.2164887 0.1616648 0.0305355 0.1599762 0.0288845 0.0344974 0.0307373 0.0328278 0.0288845 0.1518591 0.1731193 0.0323919 0.0326083 0.0326083 0.0323919 0.0307373 0.0307373 0.0315443 0.0342661 0.0361583 0.0343837 0.0383309 0.0380686 0.0349836 0.0313859 0.0368511 0.0532268 0.0396386 0.1503682 0.1751061 0.1472129 0.1472129 0.1503682 0.1614106 0.1582032 0.0308490 0.2363782 0.2376159 0.0290323 0.0308954 0.0306915 0.0291317 0.0293255 0.0291317 0.0307373 0.0307373 0.0290748 0.0289829 0.0289829 0.0278979 0.0307373 0.0324345 0.0253401 0.0310017 0.0290748 0.0310017 0.0281431 0.0309549 0.0303868 0.0310017 0.0308425 0.0306393 0.0232784 0.0308425 0.0310017 0.0294851 0.0292750 0.0286465 0.0328956 0.0297428 0.0308269 0.0323919 0.0328278 0.0308954 0.0326083 0.0326083 0.0326083 0.0326083 0.0326083 0.0326083 0.0326083 0.0328278 0.0316552 0.1697976 0.1678964 0.1678964 0.1697976 0.1711750 0.0328732 0.0328732 0.0329332 0.0330539 0.0325117 0.0326083 0.0309421 0.0307898 0.0325117 0.0326885 0.0327204 0.0307898 0.0288845 0.0327479 0.0324531 0.0394321 0.0394321 0.0000010 0.0000010 0.0344327 0.0324471 0.0323367 0.0323367 0.0342343 0.1933169 0.2680198 0.2680198 0.0342977 0.0361754 0.0361754 0.1870524 0.1908657 0.0364563 0.0342288 0.0302718 0.0380686 0.0361583 0.2127215 0.0319356 0.0313796 0.0326083 0.0307373 0.0373661 0.0373661 0.0342517 0.0322788 0.0342517 0.0340119 0.0320553 0.0362446 0.0402914 0.0362446 0.0342517 0.0322788 0.0322788 0.0325057 0.0303258 0.0303258 0.1678964 0.1711750 0.0307373 0.0399970 0.0307644 0.0327479 0.0307644 0.0325176 0.0322788 0.0327479 0.0364049 0.0364049 0.0344974 0.0402755 0.0290748 0.0270486 0.0290748 0.0344974 
EU522438_Prosopium_williamsoni    0.1731193 0.0422389 0.1660362 0.1692725 0.1697976 0.1582032 0.1550194 0.1735708 0.1700294 0.0510322 0.0445382 0.1582032 0.1778048 0.1614106 0.1585625 0.1582032 0.0000000 0.1725327 0.1692725 0.1660362 0.1628237 0.1778048 0.1778048 0.1778048 0.1744778 0.1711750 0.1758172 0.1692725 0.1692725 0.1660362 0.1674108 0.1725327 0.1582032 0.1553706 0.1646416 0.1811564 0.1550194 0.1596349 0.1518591 0.0445382 0.0442211 0.0422389 0.0031204 0.0047025 0.0047025 0.1582032 0.1700294 0.1735708 0.0049103 0.1697976 0.0079588 0.1550194 0.1582032 0.1582032 0.1599762 0.1678964 0.0047025 0.0465573 0.1731193 0.1751061 0.1751061 0.1731193 0.1711750 0.1582032 0.1637578 0.1692725 0.1725327 0.1700426 0.1582032 0.1692725 0.1739941 0.1762859 0.1673058 0.1721420 0.1656537 0.0197636 0.0510322 0.0180281 0.0180281 0.0163092 0.0015529 0.0000010 0.1688285 0.1901226 0.1911180 0.1560774 0.1592856 0.1709800 0.1567903 0.1618278 0.1567903 0.1582032 0.1582032 0.1567499 0.1557232 0.1557232 0.1582669 0.1518591 0.1737530 0.1530894 0.1600150 0.1599762 0.1600150 0.1568090 0.1696182 0.1605880 0.1600150 0.1525468 0.1705842 0.1486374 0.1589233 0.1600150 0.1593343 0.1724472 0.1520530 0.1767919 0.1611994 0.1672303 0.1660362 0.1692725 0.1723577 0.1744778 0.1711750 0.1744778 0.1744778 0.1744778 0.1744778 0.1711750 0.1764650 0.1780851 0.0485958 0.0442211 0.0442211 0.0485958 0.0462223 0.1805130 0.1805130 0.1809660 0.1818784 0.1846290 0.1744778 0.1798352 0.1715676 0.1846290 0.1823918 0.1752817 0.1715676 0.1744778 0.1864504 0.1841788 0.1925967 0.1925967 0.1700991 0.1700991 0.1670102 0.1704733 0.1692815 0.1692815 0.1930295 0.0498592 0.1874439 0.1874439 0.1969919 0.1899426 0.1899426 0.0472117 0.0494561 0.1843699 0.1804109 0.1650550 0.1758172 0.1725327 0.1771355 0.1631059 0.1626178 0.1744778 0.1582032 0.1900758 0.1900758 0.1723269 0.1688754 0.1723269 0.1850412 0.1814625 0.1723269 0.1723269 0.1723269 0.1758047 0.1620508 0.1688754 0.1708868 0.1654501 0.1654501 0.0442211 0.0462223 0.1751061 0.1791260 0.1686755 0.1864504 0.1686755 0.1850731 0.1688754 0.1721758 0.1646416 0.1646416 0.1614106 0.1646416 0.1599762 0.1518591 0.1599762 0.1614106 
EU523939_Coregonus_artedi         0.0252317 0.1596349 0.0063007 0.0047025 0.0234325 0.0215159 0.0232851 0.2306898 0.2267982 0.1697976 0.1646416 0.0361583 0.0250715 0.0380686 0.0381343 0.0361583 0.1725327 0.0000000 0.0015529 0.0063007 0.0079135 0.0250715 0.0250715 0.0250715 0.0268750 0.0250715 0.0015529 0.0015529 0.0047025 0.0063007 0.0063363 0.0063007 0.0215159 0.0215515 0.0215159 0.0031373 0.0232851 0.0196427 0.0250715 0.1646416 0.1564695 0.1596349 0.1692725 0.1660362 0.1660362 0.0439090 0.2267982 0.2306898 0.1767801 0.0234325 0.1811564 0.0232851 0.0286959 0.0250715 0.0270486 0.0232851 0.1660362 0.1678964 0.0252317 0.0253952 0.0253952 0.0252317 0.0250715 0.0250715 0.0257155 0.0015529 0.0000010 0.0015577 0.0439090 0.0015529 0.0047926 0.0240770 0.0271943 0.0386650 0.0296392 0.1582032 0.1697976 0.1614106 0.1614106 0.1646416 0.1758172 0.1725327 0.0218691 0.2519310 0.2532665 0.0234018 0.0251977 0.0235507 0.0216953 0.0236301 0.0216953 0.0250715 0.0250715 0.0252317 0.0233628 0.0233628 0.0185758 0.0250715 0.0240621 0.0157574 0.0234802 0.0252317 0.0252825 0.0187339 0.0219429 0.0210363 0.0234802 0.0251555 0.0235111 0.0175081 0.0251555 0.0234802 0.0237589 0.0251669 0.0172366 0.0256194 0.0221383 0.0232368 0.0031204 0.0270486 0.0251977 0.0268750 0.0268750 0.0268750 0.0268750 0.0268750 0.0268750 0.0268750 0.0252317 0.0258038 0.1646416 0.1628237 0.1628237 0.1646416 0.1660362 0.0232784 0.0232784 0.0233201 0.0214882 0.0264865 0.0268750 0.0252317 0.0251134 0.0264865 0.0266273 0.0269655 0.0251134 0.0232851 0.0266746 0.0264398 0.0037316 0.0037316 0.0381908 0.0381908 0.0283423 0.0264314 0.0225998 0.0225998 0.0257690 0.1908657 0.2987795 0.2987795 0.0275404 0.0300580 0.0300580 0.1847087 0.1884697 0.0253766 0.0232902 0.0243789 0.0015529 0.0031204 0.2267982 0.0260274 0.0219516 0.0268750 0.0250715 0.0056616 0.0056616 0.0244214 0.0225606 0.0244214 0.0264780 0.0245841 0.0263009 0.0301181 0.0263009 0.0244214 0.0263009 0.0263009 0.0264780 0.0244214 0.0244214 0.1628237 0.1660362 0.0253952 0.0031204 0.0247667 0.0266746 0.0247667 0.0249341 0.0225606 0.0266746 0.0268750 0.0268750 0.0250715 0.0305355 0.0234325 0.0250715 0.0234325 0.0250715 
