211
AB034824_Coregonus_lavaretus      0.0000000 0.1736849 0.0215837 0.0233552 0.0015526 0.0095833 0.0179845 0.2240715 0.2203154 0.1847055 0.1791024 0.0322607 0.0095833 0.0341204 0.0341786 0.0322607 0.1704350 0.0251434 0.0233552 0.0215837 0.0233552 0.0095833 0.0095833 0.0095833 0.0079492 0.0063300 0.0269483 0.0233552 0.0233552 0.0251434 0.0252983 0.0251434 0.0095833 0.0095987 0.0128973 0.0289525 0.0179845 0.0251434 0.0197118 0.1791024 0.1704350 0.1736849 0.1672032 0.1639899 0.1639899 0.0403368 0.2203154 0.2240715 0.1747380 0.0015526 0.1724811 0.0179845 0.0232146 0.0162730 0.0146612 0.0047256 0.1639899 0.1824398 0.0031192 0.0031355 0.0031355 0.0031192 0.0063300 0.0197118 0.0202095 0.0233552 0.0251434 0.0234334 0.0403368 0.0269483 0.0238322 0.0015921 0.0113603 0.0384615 0.0167796 0.1465665 0.1847055 0.1496337 0.1496337 0.1527209 0.1736849 0.1704350 0.0015672 0.2452690 0.2465790 0.0180731 0.0198094 0.0015599 0.0181326 0.0199939 0.0181326 0.0197118 0.0197118 0.0198287 0.0180434 0.0180434 0.0167640 0.0197118 0.0239529 0.0139060 0.0198749 0.0198287 0.0198749 0.0169056 0.0015721 0.0016364 0.0198749 0.0197767 0.0015574 0.0156412 0.0197767 0.0198749 0.0183442 0.0194121 0.0154004 0.0031636 0.0184984 0.0033322 0.0215837 0.0079930 0.0063602 0.0079492 0.0079492 0.0079492 0.0079492 0.0079492 0.0079492 0.0079492 0.0079930 0.0065050 0.1791024 0.1769525 0.1769525 0.1791024 0.1802375 0.0016609 0.0016609 0.0016637 0.0016692 0.0066676 0.0079492 0.0096368 0.0063400 0.0066676 0.0067011 0.0079745 0.0063400 0.0079492 0.0067124 0.0066565 0.0283135 0.0283135 0.0340495 0.0340495 0.0225965 0.0207546 0.0100488 0.0100488 0.0018245 0.2085891 0.3030435 0.3030435 0.0074224 0.0100065 0.0100065 0.2018085 0.2056451 0.0131781 0.0112341 0.0188147 0.0269483 0.0233552 0.2203154 0.0204505 0.0201080 0.0249905 0.0197118 0.0262980 0.0262980 0.0117611 0.0100320 0.0083195 0.0032616 0.0016231 0.0100320 0.0135070 0.0100320 0.0083195 0.0206616 0.0170497 0.0207906 0.0188469 0.0188469 0.1769525 0.1802375 0.0031355 0.0287712 0.0191088 0.0067124 0.0191088 0.0016445 0.0100320 0.0172854 0.0112327 0.0112327 0.0095833 0.0145774 0.0180901 0.0197118 0.0180901 0.0095833 
AP013050_Prosopium_cylindraceum   0.1736849 0.0000000 0.1571621 0.1602597 0.1704350 0.1589542 0.1558279 0.1742891 0.1708237 0.0063646 0.0015607 0.1620994 0.1716448 0.1620994 0.1593133 0.1620994 0.0420122 0.1571621 0.1602597 0.1571621 0.1540830 0.1716448 0.1716448 0.1716448 0.1684451 0.1652631 0.1540830 0.1540830 0.1602597 0.1571621 0.1584688 0.1633755 0.1589542 0.1561794 0.1652631 0.1589542 0.1558279 0.1571621 0.1527209 0.0015607 0.0015526 0.0000010 0.0400677 0.0381409 0.0381409 0.1435198 0.1708237 0.1742891 0.0400097 0.1704350 0.0462740 0.1558279 0.1589542 0.1589542 0.1672032 0.1620994 0.0381409 0.0031355 0.1736849 0.1757827 0.1757827 0.1736849 0.1652631 0.1589542 0.1645057 0.1602597 0.1571621 0.1609774 0.1435198 0.1602597 0.1646579 0.1769138 0.1615007 0.1761930 0.1664872 0.0422974 0.0063646 0.0442765 0.0442765 0.0422974 0.0439748 0.0420122 0.1695321 0.1909576 0.1919604 0.1568868 0.1600363 0.1716160 0.1576003 0.1626520 0.1576003 0.1558279 0.1558279 0.1607956 0.1565323 0.1565323 0.1591400 0.1527209 0.1715339 0.1508278 0.1607653 0.1607956 0.1576003 0.1577425 0.1703219 0.1648873 0.1607653 0.1534100 0.1712207 0.1464752 0.1565323 0.1576003 0.1601459 0.1732560 0.1498056 0.1773474 0.1587702 0.1715621 0.1571621 0.1633755 0.1663918 0.1684451 0.1652631 0.1684451 0.1684451 0.1684451 0.1684451 0.1652631 0.1704350 0.1718541 0.0047256 0.0015526 0.0015526 0.0047256 0.0031192 0.1812897 0.1812897 0.1817426 0.1826546 0.1780860 0.1684451 0.1672032 0.1656378 0.1780860 0.1759282 0.1692115 0.1656378 0.1620994 0.1798186 0.1776576 0.1838679 0.1838679 0.1742386 0.1742386 0.1679167 0.1713173 0.1700226 0.1700226 0.1967655 0.0034580 0.2088370 0.2088370 0.1922875 0.1833357 0.1833357 0.0017101 0.0034372 0.1878204 0.1839002 0.1658680 0.1602597 0.1571621 0.1777744 0.1639188 0.1569448 0.1684451 0.1589542 0.1814180 0.1814180 0.1729909 0.1696171 0.1729909 0.1855651 0.1820784 0.1662630 0.1662630 0.1662630 0.1696171 0.1629290 0.1696171 0.1609818 0.1662630 0.1662630 0.0015526 0.0031192 0.1757827 0.1571621 0.1694873 0.1798186 0.1694873 0.1856777 0.1696171 0.1729115 0.1589542 0.1589542 0.1620994 0.1589542 0.1607956 0.1527209 0.1607956 0.1558279 
EU202649_Coregonus_autumnalis     0.0215837 0.1571621 0.0000000 0.0046998 0.0198287 0.0179845 0.0162730 0.2316262 0.2278419 0.1672032 0.1620994 0.0322607 0.0179845 0.0341204 0.0341786 0.0322607 0.1633755 0.0062958 0.0046998 0.0000010 0.0015526 0.0214551 0.0214551 0.0179845 0.0232146 0.0214551 0.0079058 0.0046998 0.0046998 0.0062958 0.0063300 0.0062958 0.0179845 0.0180139 0.0179845 0.0095833 0.0162730 0.0161796 0.0179845 0.1620994 0.1540830 0.1571621 0.1602597 0.1571621 0.1571621 0.0359971 0.2278419 0.2316262 0.1671695 0.0198287 0.1716448 0.0162730 0.0214551 0.0179845 0.0233552 0.0197118 0.1571621 0.1652631 0.0215837 0.0217140 0.0217140 0.0215837 0.0214551 0.0179845 0.0184364 0.0046998 0.0062958 0.0047146 0.0359971 0.0079058 0.0047898 0.0203672 0.0199410 0.0327321 0.0257916 0.1496337 0.1672032 0.1527209 0.1527209 0.1558279 0.1665090 0.1633755 0.0182704 0.2534403 0.2547924 0.0163529 0.0180731 0.0199275 0.0146964 0.0165027 0.0146964 0.0179845 0.0179845 0.0180901 0.0163262 0.0163262 0.0115668 0.0179845 0.0162261 0.0085617 0.0164065 0.0180901 0.0181326 0.0116631 0.0183313 0.0173022 0.0164065 0.0180434 0.0198945 0.0102725 0.0180434 0.0164065 0.0165971 0.0175585 0.0101166 0.0219111 0.0149901 0.0193980 0.0031192 0.0233552 0.0215618 0.0232146 0.0232146 0.0232146 0.0232146 0.0232146 0.0232146 0.0232146 0.0233552 0.0220741 0.1620994 0.1602597 0.1602597 0.1620994 0.1633755 0.0194323 0.0194323 0.0194667 0.0176691 0.0226506 0.0232146 0.0215837 0.0214906 0.0226506 0.0227695 0.0232918 0.0214906 0.0197118 0.0228095 0.0226112 0.0056249 0.0056249 0.0340495 0.0340495 0.0207546 0.0189307 0.0188793 0.0188793 0.0235666 0.1878242 0.3093323 0.3093323 0.0253419 0.0261511 0.0261511 0.1816872 0.1853170 0.0232187 0.0211670 0.0170207 0.0079058 0.0062958 0.2278419 0.0186552 0.0148663 0.0197118 0.0179845 0.0000010 0.0000010 0.0206616 0.0188469 0.0206616 0.0226358 0.0207906 0.0224939 0.0262120 0.0224939 0.0206616 0.0188469 0.0188469 0.0189633 0.0170497 0.0170497 0.1602597 0.1633755 0.0217140 0.0095305 0.0172854 0.0228095 0.0172854 0.0210827 0.0188469 0.0191088 0.0232146 0.0232146 0.0214551 0.0267827 0.0163676 0.0179845 0.0163676 0.0214551 
EU202650_Coregonus_laurettae      0.0233552 0.1602597 0.0046998 0.0000000 0.0215837 0.0197118 0.0214551 0.2316262 0.2278419 0.1704350 0.1652631 0.0341204 0.0232146 0.0359971 0.0360588 0.0341204 0.1665090 0.0046998 0.0031192 0.0046998 0.0062958 0.0232146 0.0232146 0.0232146 0.0249905 0.0232146 0.0062958 0.0031192 0.0000010 0.0015526 0.0015607 0.0015526 0.0197118 0.0197442 0.0197118 0.0079492 0.0214551 0.0178801 0.0232146 0.1652631 0.1571621 0.1602597 0.1633755 0.1602597 0.1602597 0.0417313 0.2278419 0.2316262 0.1704808 0.0215837 0.1748619 0.0214551 0.0267827 0.0232146 0.0251434 0.0214551 0.1602597 0.1684451 0.0233552 0.0234977 0.0234977 0.0233552 0.0232146 0.0232146 0.0238063 0.0031192 0.0046998 0.0031289 0.0417313 0.0062958 0.0000010 0.0221726 0.0252851 0.0365337 0.0276463 0.1527209 0.1704350 0.1558279 0.1558279 0.1589542 0.1696601 0.1665090 0.0200273 0.2534403 0.2547924 0.0215618 0.0233306 0.0216918 0.0198749 0.0217644 0.0198749 0.0232146 0.0232146 0.0233552 0.0215261 0.0215261 0.0167640 0.0232146 0.0219902 0.0139060 0.0216335 0.0233552 0.0234086 0.0169056 0.0200943 0.0191282 0.0216335 0.0232918 0.0216556 0.0156412 0.0232918 0.0216335 0.0218883 0.0231752 0.0154004 0.0237111 0.0202778 0.0212696 0.0046998 0.0251434 0.0233306 0.0249905 0.0249905 0.0249905 0.0249905 0.0249905 0.0249905 0.0249905 0.0251434 0.0238875 0.1652631 0.1633755 0.1633755 0.1652631 0.1665090 0.0213073 0.0213073 0.0213452 0.0195358 0.0245144 0.0249905 0.0233552 0.0232532 0.0245144 0.0246437 0.0250739 0.0232532 0.0214551 0.0246871 0.0244715 0.0000010 0.0000010 0.0360211 0.0360211 0.0263346 0.0244564 0.0206972 0.0206972 0.0256749 0.1915375 0.3093323 0.3093323 0.0274427 0.0280335 0.0280335 0.1853170 0.1889665 0.0252926 0.0232187 0.0224551 0.0062958 0.0046998 0.2278419 0.0240929 0.0201080 0.0249905 0.0232146 0.0056567 0.0056567 0.0224939 0.0206616 0.0224939 0.0244992 0.0226358 0.0243440 0.0280981 0.0243440 0.0224939 0.0243440 0.0243440 0.0244992 0.0224939 0.0224939 0.1633755 0.1665090 0.0234977 0.0079058 0.0228095 0.0246871 0.0228095 0.0229555 0.0206616 0.0246871 0.0249905 0.0249905 0.0232146 0.0285916 0.0215837 0.0232146 0.0215837 0.0232146 
EU202651_Coregonus_pidschian      0.0015526 0.1704350 0.0198287 0.0215837 0.0000000 0.0079492 0.0162730 0.2240715 0.2203154 0.1813142 0.1757827 0.0304181 0.0079492 0.0322607 0.0323155 0.0304181 0.1672032 0.0233552 0.0215837 0.0198287 0.0215837 0.0079492 0.0079492 0.0079492 0.0063300 0.0047256 0.0251434 0.0215837 0.0215837 0.0233552 0.0234977 0.0233552 0.0079492 0.0079618 0.0112327 0.0271172 0.0162730 0.0233552 0.0179845 0.1757827 0.1672032 0.1704350 0.1639899 0.1607956 0.1607956 0.0383945 0.2203154 0.2240715 0.1713173 0.0000010 0.1691979 0.0162730 0.0214551 0.0145774 0.0129707 0.0031355 0.1607956 0.1791024 0.0015526 0.0015607 0.0015607 0.0015526 0.0047256 0.0179845 0.0184364 0.0215837 0.0233552 0.0216556 0.0383945 0.0251434 0.0220224 0.0000010 0.0096917 0.0365337 0.0150285 0.1435198 0.1813142 0.1465665 0.1465665 0.1496337 0.1704350 0.1672032 0.0000010 0.2452690 0.2465790 0.0163529 0.0180731 0.0000010 0.0164065 0.0182401 0.0164065 0.0179845 0.0179845 0.0180901 0.0163262 0.0163262 0.0150151 0.0179845 0.0219902 0.0121069 0.0181326 0.0180901 0.0181326 0.0151413 0.0000010 0.0000010 0.0181326 0.0180434 0.0000010 0.0138339 0.0180434 0.0181326 0.0165971 0.0175585 0.0136219 0.0015746 0.0167359 0.0016581 0.0198287 0.0063646 0.0047481 0.0063300 0.0063300 0.0063300 0.0063300 0.0063300 0.0063300 0.0063300 0.0063646 0.0048556 0.1757827 0.1736849 0.1736849 0.1757827 0.1769525 0.0000010 0.0000010 0.0000010 0.0000010 0.0049765 0.0063300 0.0079930 0.0047331 0.0049765 0.0050014 0.0063501 0.0047331 0.0063300 0.0050097 0.0049682 0.0261394 0.0261394 0.0320967 0.0320967 0.0207546 0.0189307 0.0083334 0.0083334 0.0000010 0.2046838 0.3030435 0.3030435 0.0055368 0.0082982 0.0082982 0.1979903 0.2018085 0.0112341 0.0093111 0.0170207 0.0251434 0.0215837 0.2203154 0.0186552 0.0183442 0.0232146 0.0179845 0.0241353 0.0241353 0.0100320 0.0083195 0.0066235 0.0016231 0.0000010 0.0083195 0.0117611 0.0083195 0.0066235 0.0188469 0.0152698 0.0189633 0.0170497 0.0170497 0.1736849 0.1769525 0.0015607 0.0269483 0.0172854 0.0050097 0.0172854 0.0000010 0.0083195 0.0154798 0.0095833 0.0095833 0.0079492 0.0128973 0.0163676 0.0179845 0.0163676 0.0079492 
EU202652_Coregonus_nasus          0.0095833 0.1589542 0.0179845 0.0197118 0.0079492 0.0000000 0.0144945 0.2195807 0.2157913 0.1691979 0.1639899 0.0306104 0.0128247 0.0324668 0.0325223 0.0306104 0.1558279 0.0214551 0.0197118 0.0179845 0.0197118 0.0128247 0.0128247 0.0128247 0.0111701 0.0095305 0.0232146 0.0197118 0.0197118 0.0214551 0.0215837 0.0214551 0.0000010 0.0000010 0.0031192 0.0251434 0.0144945 0.0214551 0.0161796 0.1639899 0.1558279 0.1589542 0.1527209 0.1496337 0.1496337 0.0400677 0.2157913 0.2195807 0.1592376 0.0079492 0.1576207 0.0144945 0.0195963 0.0161796 0.0047256 0.0079058 0.1496337 0.1672032 0.0095833 0.0096368 0.0096368 0.0095833 0.0095305 0.0161796 0.0165818 0.0197118 0.0214551 0.0197767 0.0400677 0.0232146 0.0201080 0.0081567 0.0112963 0.0306625 0.0132169 0.1330775 0.1691979 0.1360172 0.1360172 0.1389778 0.1589542 0.1558279 0.0080257 0.2407117 0.2420165 0.0145648 0.0162585 0.0079873 0.0146121 0.0164065 0.0146121 0.0161796 0.0161796 0.0162730 0.0145413 0.0145413 0.0132057 0.0161796 0.0199169 0.0102640 0.0163115 0.0162730 0.0163115 0.0133155 0.0080516 0.0083893 0.0163115 0.0162321 0.0079745 0.0119723 0.0162321 0.0163115 0.0147800 0.0156265 0.0117908 0.0097231 0.0149023 0.0102549 0.0179845 0.0112327 0.0095761 0.0111701 0.0111701 0.0111701 0.0111701 0.0111701 0.0111701 0.0111701 0.0112327 0.0097949 0.1639899 0.1620994 0.1620994 0.1639899 0.1652631 0.0085179 0.0085179 0.0085325 0.0085617 0.0100408 0.0111701 0.0128973 0.0095457 0.0100408 0.0100914 0.0112059 0.0095457 0.0111701 0.0101084 0.0100240 0.0238174 0.0238174 0.0323121 0.0323121 0.0188147 0.0170207 0.0000010 0.0000010 0.0093810 0.1904120 0.2971867 0.2971867 0.0111820 0.0133939 0.0133939 0.1841309 0.1878242 0.0018113 0.0000010 0.0151531 0.0232146 0.0197118 0.2157913 0.0167764 0.0164998 0.0213281 0.0161796 0.0218390 0.0218390 0.0016231 0.0000010 0.0016231 0.0100320 0.0083195 0.0099740 0.0134272 0.0099740 0.0082719 0.0169469 0.0169469 0.0170497 0.0151787 0.0151787 0.1620994 0.1652631 0.0096368 0.0249905 0.0153862 0.0101084 0.0153862 0.0084318 0.0000010 0.0171797 0.0111701 0.0111701 0.0095305 0.0144945 0.0145774 0.0161796 0.0145774 0.0095305 
EU202653_Coregonus_sardinella     0.0179845 0.1558279 0.0162730 0.0214551 0.0162730 0.0144945 0.0000000 0.2233853 0.2195807 0.1724811 0.1607956 0.0287712 0.0178801 0.0306104 0.0306625 0.0287712 0.1527209 0.0232146 0.0214551 0.0162730 0.0179845 0.0213281 0.0213281 0.0178801 0.0195963 0.0178801 0.0249905 0.0214551 0.0214551 0.0232146 0.0233552 0.0232146 0.0144945 0.0145179 0.0178801 0.0269483 0.0000010 0.0063300 0.0015526 0.1607956 0.1527209 0.1558279 0.1496337 0.1465665 0.1527209 0.0381409 0.2195807 0.2233853 0.1559536 0.0162730 0.1544655 0.0031192 0.0046998 0.0015526 0.0162730 0.0161796 0.1465665 0.1639899 0.0179845 0.0180901 0.0180901 0.0179845 0.0178801 0.0015526 0.0015896 0.0214551 0.0232146 0.0215261 0.0381409 0.0249905 0.0218883 0.0167080 0.0163648 0.0343996 0.0219994 0.1301590 0.1724811 0.1330775 0.1330775 0.1360172 0.1558279 0.1527209 0.0147204 0.2448340 0.2461605 0.0000010 0.0015599 0.0163529 0.0000010 0.0015729 0.0000010 0.0015526 0.0015526 0.0015607 0.0000010 0.0000010 0.0000010 0.0015526 0.0087696 0.0000010 0.0015647 0.0015607 0.0015647 0.0000010 0.0147687 0.0136219 0.0015647 0.0015574 0.0163262 0.0016609 0.0015574 0.0015647 0.0000010 0.0000010 0.0000010 0.0182530 0.0015947 0.0156141 0.0197118 0.0197118 0.0179677 0.0195963 0.0195963 0.0195963 0.0195963 0.0195963 0.0195963 0.0195963 0.0197118 0.0183879 0.1672032 0.1589542 0.1589542 0.1672032 0.1620994 0.0156412 0.0156412 0.0156685 0.0157232 0.0188605 0.0195963 0.0179845 0.0179092 0.0188605 0.0189579 0.0196604 0.0179092 0.0161796 0.0189906 0.0188282 0.0259483 0.0259483 0.0303629 0.0303629 0.0032740 0.0016293 0.0152043 0.0152043 0.0192849 0.1866520 0.3035803 0.3035803 0.0210614 0.0223011 0.0223011 0.1804581 0.1841309 0.0190070 0.0170141 0.0000010 0.0249905 0.0214551 0.2195807 0.0016075 0.0015821 0.0095305 0.0015526 0.0197415 0.0197415 0.0169469 0.0151787 0.0169469 0.0188469 0.0170497 0.0187321 0.0223539 0.0187321 0.0169469 0.0016231 0.0016231 0.0016320 0.0000010 0.0032616 0.1589542 0.1620994 0.0180901 0.0267827 0.0000010 0.0189906 0.0000010 0.0172854 0.0151787 0.0016445 0.0195963 0.0195963 0.0178801 0.0230758 0.0015607 0.0015526 0.0015607 0.0178801 
EU202654_Prosopium_coulterii      0.2240715 0.1742891 0.2316262 0.2316262 0.2240715 0.2195807 0.2233853 0.0000000 0.0062958 0.1934036 0.1800815 0.2136568 0.2272046 0.2136568 0.2141863 0.2136568 0.1717050 0.2278419 0.2316262 0.2316262 0.2278419 0.2233853 0.2195807 0.2272046 0.2233853 0.2195807 0.2240715 0.2240715 0.2316262 0.2278419 0.2348855 0.2354240 0.2195807 0.2163408 0.2272046 0.2310381 0.2233853 0.2165740 0.2272046 0.1800815 0.1708237 0.1742891 0.1681649 0.1681649 0.1646484 0.2348855 0.0062958 0.0000010 0.1765174 0.2240715 0.1703652 0.2233853 0.2272046 0.2272046 0.2304342 0.2233853 0.1681649 0.1836472 0.2278419 0.2310381 0.2310381 0.2278419 0.2195807 0.2272046 0.2321975 0.2316262 0.2278419 0.2327926 0.2348855 0.2278419 0.2387831 0.2294784 0.2235494 0.2239543 0.2196134 0.1739678 0.1934036 0.1775937 0.1775937 0.1739678 0.1752679 0.1717050 0.2236742 0.0032527 0.0032633 0.2251000 0.2289485 0.2257681 0.2262561 0.2334362 0.2262561 0.2233853 0.2233853 0.2304342 0.2245258 0.2245258 0.2300487 0.2195807 0.2466374 0.2229068 0.2224025 0.2304342 0.2262561 0.2290917 0.2248141 0.2205343 0.2301242 0.2283645 0.2252001 0.2210832 0.2245258 0.2262561 0.2264628 0.2395128 0.2197629 0.2292305 0.2294441 0.2293248 0.2316262 0.2128479 0.2212661 0.2233853 0.2195807 0.2233853 0.2233853 0.2233853 0.2233853 0.2195807 0.2265501 0.2254843 0.1872330 0.1708237 0.1708237 0.1872330 0.1742891 0.2375546 0.2375546 0.2382042 0.2395128 0.2346973 0.2157913 0.2304342 0.2201400 0.2346973 0.2366197 0.2207018 0.2201400 0.2233853 0.2372666 0.2340626 0.2707946 0.2707946 0.2272643 0.2272643 0.2474995 0.2433337 0.2328021 0.2328021 0.2540957 0.2005606 0.0194971 0.0194971 0.2467266 0.2407117 0.2407117 0.1935694 0.1975914 0.2553507 0.2506547 0.2356189 0.2316262 0.2354240 0.0015526 0.2365223 0.2303864 0.2387462 0.2195807 0.2733160 0.2733160 0.2362524 0.2321764 0.2362524 0.2327828 0.2368032 0.2321764 0.2240705 0.2321764 0.2281156 0.2321764 0.2403432 0.2327828 0.2362524 0.2362524 0.1742891 0.1777744 0.2310381 0.2278419 0.2414303 0.2372666 0.2414303 0.2419182 0.2321764 0.2456085 0.2157913 0.2157913 0.2195807 0.2157913 0.2304342 0.2233853 0.2304342 0.2195807 
EU202655_Prosopium_coulterii      0.2203154 0.1708237 0.2278419 0.2278419 0.2203154 0.2157913 0.2195807 0.0062958 0.0000000 0.1897357 0.1765364 0.2173365 0.2233853 0.2173365 0.2178753 0.2173365 0.1681649 0.2240715 0.2278419 0.2278419 0.2240715 0.2195807 0.2157913 0.2233853 0.2195807 0.2157913 0.2203154 0.2203154 0.2278419 0.2240715 0.2310381 0.2316262 0.2157913 0.2125574 0.2233853 0.2272046 0.2195807 0.2128479 0.2233853 0.1765364 0.1673809 0.1708237 0.1646484 0.1646484 0.1611561 0.2310381 0.0000010 0.0062958 0.1765174 0.2203154 0.1667865 0.2195807 0.2233853 0.2233853 0.2265501 0.2195807 0.1646484 0.1800815 0.2240715 0.2272046 0.2272046 0.2240715 0.2157913 0.2233853 0.2321975 0.2278419 0.2240715 0.2289894 0.2310381 0.2240715 0.2348832 0.2294784 0.2235494 0.2201400 0.2196134 0.1703652 0.1897357 0.1739678 0.1739678 0.1703652 0.1717050 0.1681649 0.2198755 0.0082509 0.0082782 0.2212661 0.2251000 0.2219835 0.2224025 0.2295020 0.2224025 0.2195807 0.2195807 0.2265501 0.2207018 0.2207018 0.2260785 0.2157913 0.2422454 0.2187969 0.2185641 0.2265501 0.2224025 0.2250844 0.2209960 0.2165931 0.2262561 0.2245258 0.2214250 0.2170071 0.2207018 0.2224025 0.2264628 0.2395128 0.2157683 0.2292305 0.2254843 0.2252821 0.2278419 0.2091374 0.2174474 0.2195807 0.2157913 0.2195807 0.2120176 0.2195807 0.2195807 0.2157913 0.2226806 0.2254843 0.1836472 0.1673809 0.1673809 0.1836472 0.1708237 0.2375546 0.2375546 0.2382042 0.2395128 0.2346973 0.2120176 0.2265501 0.2163408 0.2346973 0.2366197 0.2168929 0.2163408 0.2195807 0.2372666 0.2340626 0.2707946 0.2707946 0.2352149 0.2352149 0.2474995 0.2433337 0.2328021 0.2328021 0.2540957 0.2005606 0.0273795 0.0273795 0.2467266 0.2407117 0.2407117 0.1935694 0.1975914 0.2459752 0.2506547 0.2356189 0.2278419 0.2316262 0.0079058 0.2365223 0.2303864 0.2348855 0.2157913 0.2733160 0.2733160 0.2362524 0.2321764 0.2362524 0.2327828 0.2368032 0.2321764 0.2240705 0.2321764 0.2281156 0.2321764 0.2403432 0.2327828 0.2362524 0.2362524 0.1708237 0.1742891 0.2272046 0.2240715 0.2414303 0.2372666 0.2414303 0.2419182 0.2321764 0.2456085 0.2120176 0.2120176 0.2157913 0.2120176 0.2265501 0.2195807 0.2265501 0.2157913 
EU202656_Prosopium_cylindraceum   0.1847055 0.0063646 0.1672032 0.1704350 0.1813142 0.1691979 0.1724811 0.1934036 0.1897357 0.0000000 0.0047256 0.1724811 0.1824398 0.1724811 0.1695916 0.1724811 0.0506846 0.1672032 0.1704350 0.1672032 0.1639899 0.1824398 0.1824398 0.1824398 0.1791024 0.1757827 0.1639899 0.1639899 0.1704350 0.1672032 0.1684451 0.1736849 0.1691979 0.1663192 0.1757827 0.1691979 0.1724811 0.1736849 0.1691979 0.0047256 0.0079930 0.0063646 0.0486315 0.0465977 0.0465977 0.1530743 0.1897357 0.1934036 0.0489624 0.1813142 0.0552527 0.1659336 0.1757827 0.1757827 0.1779408 0.1724811 0.0465977 0.0063300 0.1847055 0.1870384 0.1870384 0.1847055 0.1757827 0.1757827 0.1821271 0.1704350 0.1672032 0.1712207 0.1530743 0.1704350 0.1752519 0.1884161 0.1719904 0.1874879 0.1774993 0.0510501 0.0000010 0.0531415 0.0531415 0.0510501 0.0527569 0.0506846 0.1839186 0.2122818 0.2134334 0.1736923 0.1770188 0.1826079 0.1745085 0.1800636 0.1745085 0.1724811 0.1724811 0.1779408 0.1732868 0.1732868 0.1731380 0.1691979 0.1878488 0.1649331 0.1778517 0.1779408 0.1745085 0.1718014 0.1848021 0.1795986 0.1778517 0.1699871 0.1821748 0.1602588 0.1732868 0.1745085 0.1774220 0.1924528 0.1635305 0.1887158 0.1727226 0.1868585 0.1672032 0.1736849 0.1770188 0.1791024 0.1757827 0.1791024 0.1791024 0.1791024 0.1791024 0.1757827 0.1813142 0.1830050 0.0015607 0.0079930 0.0079930 0.0015607 0.0096368 0.1973393 0.1973393 0.1978480 0.1988726 0.1898440 0.1791024 0.1779408 0.1761930 0.1898440 0.1876575 0.1799412 0.1761930 0.1724811 0.1917472 0.1893736 0.1976586 0.1976586 0.1858005 0.1858005 0.1863883 0.1899847 0.1813490 0.1813490 0.2113610 0.0069873 0.2326666 0.2326666 0.2063436 0.1952808 0.1952808 0.0051828 0.0069455 0.2016242 0.1975077 0.1839769 0.1704350 0.1672032 0.1970906 0.1817431 0.1740379 0.1791024 0.1757827 0.1951758 0.1951758 0.1844297 0.1809033 0.1844297 0.1977267 0.1940840 0.1773962 0.1773962 0.1773962 0.1809033 0.1809033 0.1879750 0.1786102 0.1844297 0.1773962 0.0079930 0.0096368 0.1870384 0.1672032 0.1881271 0.1917472 0.1881271 0.1980378 0.1809033 0.1917472 0.1691979 0.1691979 0.1724811 0.1691979 0.1745858 0.1691979 0.1745858 0.1659336 
EU202657_Prosopium_cylindraceum   0.1791024 0.0015607 0.1620994 0.1652631 0.1757827 0.1639899 0.1607956 0.1800815 0.1765364 0.0047256 0.0000000 0.1672032 0.1769525 0.1672032 0.1643660 0.1672032 0.0442765 0.1620994 0.1652631 0.1620994 0.1589542 0.1769525 0.1769525 0.1769525 0.1736849 0.1704350 0.1589542 0.1589542 0.1652631 0.1620994 0.1633755 0.1684451 0.1639899 0.1611637 0.1704350 0.1639899 0.1607956 0.1620994 0.1576207 0.0000010 0.0031355 0.0015607 0.0422974 0.0403368 0.0403368 0.1482161 0.1765364 0.1800815 0.0423382 0.1757827 0.0486315 0.1607956 0.1639899 0.1639899 0.1724811 0.1672032 0.0403368 0.0015526 0.1791024 0.1813142 0.1813142 0.1791024 0.1704350 0.1639899 0.1698042 0.1652631 0.1620994 0.1660140 0.1482161 0.1652631 0.1698656 0.1825651 0.1666564 0.1817435 0.1718973 0.0445829 0.0047256 0.0465977 0.0465977 0.0445829 0.0462740 0.0442765 0.1749193 0.1975102 0.1985640 0.1619046 0.1651229 0.1770188 0.1626520 0.1678782 0.1626520 0.1607956 0.1607956 0.1659336 0.1615334 0.1615334 0.1643482 0.1576207 0.1776344 0.1560447 0.1658863 0.1659336 0.1626520 0.1629678 0.1757462 0.1703768 0.1658863 0.1583426 0.1766050 0.1515595 0.1615334 0.1626520 0.1653191 0.1790685 0.1548810 0.1829347 0.1639604 0.1772907 0.1620994 0.1684451 0.1716160 0.1736849 0.1704350 0.1736849 0.1736849 0.1736849 0.1736849 0.1704350 0.1757827 0.1773339 0.0031192 0.0031355 0.0031355 0.0031192 0.0047256 0.1873314 0.1873314 0.1878066 0.1887636 0.1838619 0.1736849 0.1724811 0.1708270 0.1838619 0.1816892 0.1744867 0.1708270 0.1672032 0.1856777 0.1834130 0.1906252 0.1906252 0.1799180 0.1799180 0.1734837 0.1769617 0.1755862 0.1755862 0.2039185 0.0017101 0.2088370 0.2088370 0.1991788 0.1892038 0.1892038 0.0000010 0.0017004 0.1945874 0.1905702 0.1713173 0.1652631 0.1620994 0.1836472 0.1692735 0.1620469 0.1736849 0.1639899 0.1881579 0.1881579 0.1786102 0.1751612 0.1786102 0.1915388 0.1879750 0.1717316 0.1717316 0.1717316 0.1751612 0.1683221 0.1751612 0.1662630 0.1717316 0.1717316 0.0031355 0.0047256 0.1813142 0.1620994 0.1751137 0.1856777 0.1751137 0.1917472 0.1751612 0.1786155 0.1639899 0.1639899 0.1672032 0.1639899 0.1659336 0.1576207 0.1659336 0.1607956 
EU202658_Stenodus_leucichthys     0.0322607 0.1620994 0.0322607 0.0341204 0.0304181 0.0306104 0.0287712 0.2136568 0.2173365 0.1724811 0.1672032 0.0000000 0.0343407 0.0015526 0.0015550 0.0000010 0.1558279 0.0359971 0.0341204 0.0322607 0.0341204 0.0343407 0.0343407 0.0343407 0.0324668 0.0306104 0.0378911 0.0341204 0.0341204 0.0359971 0.0362320 0.0359971 0.0306104 0.0306625 0.0343407 0.0400677 0.0287712 0.0322607 0.0306104 0.1672032 0.1589542 0.1620994 0.1527209 0.1496337 0.1558279 0.0381409 0.2173365 0.2136568 0.1592376 0.0304181 0.1576207 0.0287712 0.0343407 0.0306104 0.0326759 0.0287712 0.1496337 0.1704350 0.0322607 0.0324668 0.0324668 0.0322607 0.0306104 0.0306104 0.0314109 0.0341204 0.0359971 0.0342369 0.0381409 0.0378911 0.0348319 0.0312620 0.0366741 0.0528528 0.0394252 0.1482161 0.1724811 0.1451226 0.1451226 0.1482161 0.1589542 0.1558279 0.0307292 0.2337018 0.2349337 0.0289179 0.0307672 0.0305728 0.0290166 0.0292012 0.0290166 0.0306104 0.0306104 0.0289525 0.0288688 0.0288688 0.0277902 0.0306104 0.0322453 0.0252501 0.0308727 0.0289525 0.0308727 0.0280335 0.0308343 0.0302690 0.0308727 0.0307148 0.0305211 0.0232013 0.0307148 0.0308727 0.0293672 0.0291577 0.0285341 0.0327604 0.0296228 0.0307068 0.0322607 0.0326759 0.0307672 0.0324668 0.0324668 0.0324668 0.0324668 0.0324668 0.0324668 0.0324668 0.0326759 0.0315208 0.1672032 0.1652631 0.1652631 0.1672032 0.1684451 0.0327377 0.0327377 0.0327973 0.0329170 0.0323701 0.0324668 0.0308054 0.0306625 0.0323701 0.0325455 0.0325780 0.0306625 0.0287712 0.0326044 0.0323121 0.0392406 0.0392406 0.0000010 0.0000010 0.0342661 0.0322972 0.0321966 0.0321966 0.0340872 0.1904120 0.2659746 0.2659746 0.0341396 0.0359937 0.0359937 0.1841309 0.1878242 0.0362797 0.0340712 0.0301477 0.0378911 0.0359971 0.2099922 0.0317989 0.0312474 0.0324668 0.0306104 0.0371927 0.0371927 0.0340961 0.0321392 0.0340961 0.0338678 0.0319263 0.0360722 0.0400824 0.0360722 0.0340961 0.0321392 0.0321392 0.0323553 0.0302012 0.0302012 0.1652631 0.1684451 0.0306104 0.0398025 0.0306363 0.0326044 0.0306363 0.0323850 0.0321392 0.0326044 0.0362320 0.0362320 0.0343407 0.0400677 0.0289525 0.0269483 0.0289525 0.0343407 
EU427541_Coregonus_pidschian      0.0095833 0.1716448 0.0179845 0.0232146 0.0079492 0.0128247 0.0178801 0.2272046 0.2233853 0.1824398 0.1769525 0.0343407 0.0000000 0.0362320 0.0362945 0.0343407 0.1748619 0.0249905 0.0232146 0.0179845 0.0197118 0.0031192 0.0031192 0.0000010 0.0046998 0.0031192 0.0267827 0.0232146 0.0232146 0.0249905 0.0251434 0.0249905 0.0128247 0.0128453 0.0161796 0.0287712 0.0178801 0.0249905 0.0195963 0.1769525 0.1684451 0.1716448 0.1716448 0.1684451 0.1684451 0.0362320 0.2233853 0.2272046 0.1793659 0.0079492 0.1769525 0.0178801 0.0230758 0.0161796 0.0179845 0.0046998 0.1684451 0.1802375 0.0095833 0.0096368 0.0096368 0.0095833 0.0031192 0.0195963 0.0200879 0.0232146 0.0249905 0.0232918 0.0362320 0.0267827 0.0236856 0.0081567 0.0112963 0.0401374 0.0202095 0.1510228 0.1824398 0.1540830 0.1540830 0.1571621 0.1780961 0.1748619 0.0080257 0.2489700 0.2503181 0.0179677 0.0196927 0.0079873 0.0180265 0.0198749 0.0180265 0.0195963 0.0195963 0.0197118 0.0179384 0.0179384 0.0149270 0.0195963 0.0218441 0.0120340 0.0197574 0.0197118 0.0197574 0.0150518 0.0080516 0.0066788 0.0197574 0.0196604 0.0079745 0.0137502 0.0196604 0.0197574 0.0182356 0.0192901 0.0135408 0.0097231 0.0183879 0.0085035 0.0214551 0.0047256 0.0031338 0.0046998 0.0046998 0.0046998 0.0046998 0.0046998 0.0046998 0.0046998 0.0047256 0.0032041 0.1769525 0.1748619 0.1748619 0.1769525 0.1780961 0.0085179 0.0085179 0.0085325 0.0068153 0.0032830 0.0046998 0.0063300 0.0031241 0.0032830 0.0032993 0.0047146 0.0031241 0.0046998 0.0033047 0.0032776 0.0281029 0.0281029 0.0362682 0.0362682 0.0224551 0.0206261 0.0134498 0.0134498 0.0093810 0.2056451 0.3164276 0.3164276 0.0036483 0.0065691 0.0065691 0.1990229 0.2027930 0.0170141 0.0150424 0.0187003 0.0267827 0.0232146 0.2233853 0.0203259 0.0199876 0.0178801 0.0195963 0.0218390 0.0218390 0.0151787 0.0134272 0.0116924 0.0100320 0.0083195 0.0134272 0.0169469 0.0134272 0.0116924 0.0205344 0.0169469 0.0206616 0.0187321 0.0187321 0.1748619 0.1780961 0.0096368 0.0285916 0.0189906 0.0033047 0.0189906 0.0084318 0.0134272 0.0171797 0.0144945 0.0144945 0.0128247 0.0178801 0.0179845 0.0195963 0.0179845 0.0128247 
EU522426_Stenodus_leucichthys     0.0341204 0.1620994 0.0341204 0.0359971 0.0322607 0.0324668 0.0306104 0.2136568 0.2173365 0.1724811 0.1672032 0.0015526 0.0362320 0.0000000 0.0000010 0.0015526 0.1589542 0.0378911 0.0359971 0.0341204 0.0359971 0.0362320 0.0362320 0.0362320 0.0343407 0.0324668 0.0398025 0.0359971 0.0359971 0.0378911 0.0381409 0.0378911 0.0324668 0.0325223 0.0362320 0.0420122 0.0306104 0.0341204 0.0324668 0.1672032 0.1589542 0.1620994 0.1558279 0.1527209 0.1589542 0.0400677 0.2173365 0.2136568 0.1625425 0.0322607 0.1607956 0.0306104 0.0362320 0.0324668 0.0345641 0.0306104 0.1527209 0.1704350 0.0341204 0.0343407 0.0343407 0.0341204 0.0324668 0.0324668 0.0333198 0.0359971 0.0378911 0.0361207 0.0400677 0.0398025 0.0367512 0.0331599 0.0386085 0.0549487 0.0414247 0.1513305 0.1724811 0.1482161 0.1482161 0.1513305 0.1620994 0.1589542 0.0325922 0.2337018 0.2349337 0.0307672 0.0326339 0.0324256 0.0308727 0.0310712 0.0308727 0.0287712 0.0287712 0.0308054 0.0307148 0.0307148 0.0296745 0.0324668 0.0343337 0.0271935 0.0327463 0.0308054 0.0290166 0.0299355 0.0327041 0.0322114 0.0327463 0.0325780 0.0323705 0.0251143 0.0288688 0.0290166 0.0312474 0.0311409 0.0304717 0.0346513 0.0277421 0.0326784 0.0341204 0.0345641 0.0326339 0.0343407 0.0343407 0.0343407 0.0343407 0.0343407 0.0343407 0.0343407 0.0345641 0.0334370 0.1672032 0.1652631 0.1652631 0.1672032 0.1684451 0.0347327 0.0347327 0.0347962 0.0349238 0.0343423 0.0343407 0.0326759 0.0325223 0.0343423 0.0345293 0.0344588 0.0325223 0.0306104 0.0345921 0.0342804 0.0415421 0.0415421 0.0016311 0.0016311 0.0362544 0.0342661 0.0341574 0.0341574 0.0362950 0.1904120 0.2720101 0.2720101 0.0363529 0.0379860 0.0379860 0.1841309 0.1878242 0.0385123 0.0362797 0.0320820 0.0398025 0.0378911 0.2099922 0.0337334 0.0331457 0.0343407 0.0324668 0.0394846 0.0394846 0.0360722 0.0340961 0.0360722 0.0358280 0.0338678 0.0380676 0.0421168 0.0380676 0.0360722 0.0340961 0.0340961 0.0323553 0.0321392 0.0321392 0.1652631 0.1684451 0.0324668 0.0417313 0.0326044 0.0345921 0.0326044 0.0343567 0.0340961 0.0345921 0.0381409 0.0381409 0.0362320 0.0420122 0.0308054 0.0287712 0.0308054 0.0362320 
EU522427_Stenodus_leucichthys     0.0341786 0.1593133 0.0341786 0.0360588 0.0323155 0.0325223 0.0306625 0.2141863 0.2178753 0.1695916 0.1643660 0.0015550 0.0362945 0.0000010 0.0000000 0.0015550 0.1561794 0.0379563 0.0360588 0.0341786 0.0360588 0.0362945 0.0362945 0.0362945 0.0343996 0.0325223 0.0398713 0.0360588 0.0360588 0.0379563 0.0382070 0.0379563 0.0325223 0.0325780 0.0362945 0.0420857 0.0306625 0.0341786 0.0306625 0.1643660 0.1561794 0.1593133 0.1530647 0.1499699 0.1561794 0.0401374 0.2178753 0.2141863 0.1596155 0.0323155 0.1579809 0.0306625 0.0362945 0.0325223 0.0346239 0.0306625 0.1499699 0.1675872 0.0341786 0.0343996 0.0343996 0.0341786 0.0325223 0.0325223 0.0333783 0.0360588 0.0379563 0.0361828 0.0401374 0.0398713 0.0368155 0.0332178 0.0386763 0.0550492 0.0414994 0.1485526 0.1695916 0.1454513 0.1454513 0.1485526 0.1593133 0.1561794 0.0326481 0.2343164 0.2355540 0.0308198 0.0326900 0.0324809 0.0309256 0.0311249 0.0309256 0.0288199 0.0288199 0.0308582 0.0307672 0.0307672 0.0297263 0.0325223 0.0343995 0.0272429 0.0328028 0.0308582 0.0290661 0.0299883 0.0327604 0.0322691 0.0328028 0.0326339 0.0324256 0.0251594 0.0289179 0.0290661 0.0313017 0.0311980 0.0305263 0.0347113 0.0277902 0.0327377 0.0341786 0.0346239 0.0326900 0.0343996 0.0343996 0.0343996 0.0343996 0.0343996 0.0343996 0.0343996 0.0346239 0.0334958 0.1643660 0.1624663 0.1624663 0.1643660 0.1656378 0.0347962 0.0347962 0.0348599 0.0349880 0.0344044 0.0343996 0.0327321 0.0325780 0.0344044 0.0345921 0.0345182 0.0325780 0.0306625 0.0346551 0.0343423 0.0415421 0.0415421 0.0016338 0.0016338 0.0343279 0.0343279 0.0342188 0.0342188 0.0362950 0.1871388 0.2720101 0.2720101 0.0364263 0.0380547 0.0380547 0.1809213 0.1846041 0.0385904 0.0363529 0.0321392 0.0398713 0.0379563 0.2105124 0.0337933 0.0332035 0.0343996 0.0325223 0.0394846 0.0394846 0.0361373 0.0341574 0.0361373 0.0358921 0.0339281 0.0381366 0.0421939 0.0381366 0.0361373 0.0341574 0.0341574 0.0324135 0.0321966 0.0321966 0.1624663 0.1656378 0.0325223 0.0418037 0.0326635 0.0346551 0.0326635 0.0344188 0.0341574 0.0346551 0.0382070 0.0382070 0.0362945 0.0420857 0.0308582 0.0288199 0.0308582 0.0362945 
EU522428_Stenodus_leucichthys     0.0322607 0.1620994 0.0322607 0.0341204 0.0304181 0.0306104 0.0287712 0.2136568 0.2173365 0.1724811 0.1672032 0.0000010 0.0343407 0.0015526 0.0015550 0.0000000 0.1558279 0.0359971 0.0341204 0.0322607 0.0341204 0.0343407 0.0343407 0.0343407 0.0324668 0.0306104 0.0378911 0.0341204 0.0341204 0.0359971 0.0362320 0.0359971 0.0306104 0.0306625 0.0343407 0.0400677 0.0287712 0.0322607 0.0306104 0.1672032 0.1589542 0.1620994 0.1527209 0.1496337 0.1558279 0.0381409 0.2173365 0.2136568 0.1592376 0.0304181 0.1576207 0.0287712 0.0343407 0.0306104 0.0326759 0.0287712 0.1496337 0.1704350 0.0322607 0.0324668 0.0324668 0.0322607 0.0306104 0.0306104 0.0314109 0.0341204 0.0359971 0.0342369 0.0381409 0.0378911 0.0348319 0.0312620 0.0366741 0.0528528 0.0394252 0.1482161 0.1724811 0.1451226 0.1451226 0.1482161 0.1589542 0.1558279 0.0307292 0.2337018 0.2349337 0.0289179 0.0307672 0.0305728 0.0290166 0.0292012 0.0290166 0.0306104 0.0306104 0.0289525 0.0288688 0.0288688 0.0277902 0.0306104 0.0322453 0.0252501 0.0308727 0.0289525 0.0308727 0.0280335 0.0308343 0.0302690 0.0308727 0.0307148 0.0305211 0.0232013 0.0307148 0.0308727 0.0293672 0.0291577 0.0285341 0.0327604 0.0296228 0.0307068 0.0322607 0.0326759 0.0307672 0.0324668 0.0324668 0.0324668 0.0324668 0.0324668 0.0324668 0.0324668 0.0326759 0.0315208 0.1672032 0.1652631 0.1652631 0.1672032 0.1684451 0.0327377 0.0327377 0.0327973 0.0329170 0.0323701 0.0324668 0.0308054 0.0306625 0.0323701 0.0325455 0.0325780 0.0306625 0.0287712 0.0326044 0.0323121 0.0392406 0.0392406 0.0000010 0.0000010 0.0342661 0.0322972 0.0321966 0.0321966 0.0340872 0.1904120 0.2659746 0.2659746 0.0341396 0.0359937 0.0359937 0.1841309 0.1878242 0.0362797 0.0340712 0.0301477 0.0378911 0.0359971 0.2099922 0.0317989 0.0312474 0.0324668 0.0306104 0.0371927 0.0371927 0.0340961 0.0321392 0.0340961 0.0338678 0.0319263 0.0360722 0.0400824 0.0360722 0.0340961 0.0321392 0.0321392 0.0323553 0.0302012 0.0302012 0.1652631 0.1684451 0.0306104 0.0398025 0.0306363 0.0326044 0.0306363 0.0323850 0.0321392 0.0326044 0.0362320 0.0362320 0.0343407 0.0400677 0.0289525 0.0269483 0.0289525 0.0343407 
EU522438_Prosopium_williamsoni    0.1704350 0.0420122 0.1633755 0.1665090 0.1672032 0.1558279 0.1527209 0.1717050 0.1681649 0.0506846 0.0442765 0.1558279 0.1748619 0.1589542 0.1561794 0.1558279 0.0000000 0.1696601 0.1665090 0.1633755 0.1602597 0.1748619 0.1748619 0.1748619 0.1716448 0.1684451 0.1728282 0.1665090 0.1665090 0.1633755 0.1646247 0.1696601 0.1558279 0.1530647 0.1620994 0.1780961 0.1527209 0.1571621 0.1496337 0.0442765 0.0439748 0.0420122 0.0031192 0.0046998 0.0046998 0.1558279 0.1681649 0.1717050 0.0049074 0.1672032 0.0079492 0.1527209 0.1558279 0.1558279 0.1576207 0.1652631 0.0046998 0.0462740 0.1704350 0.1724811 0.1724811 0.1704350 0.1684451 0.1558279 0.1612606 0.1665090 0.1696601 0.1672570 0.1558279 0.1665090 0.1710924 0.1735502 0.1647006 0.1695916 0.1631899 0.0197118 0.0506846 0.0179845 0.0179845 0.0162730 0.0015526 0.0000010 0.1662705 0.1886198 0.1896384 0.1537567 0.1568868 0.1683602 0.1544546 0.1594371 0.1544546 0.1558279 0.1558279 0.1544655 0.1534100 0.1534100 0.1559103 0.1496337 0.1715339 0.1508278 0.1576003 0.1576207 0.1576003 0.1544922 0.1670439 0.1581950 0.1576003 0.1503074 0.1679728 0.1464752 0.1565323 0.1576003 0.1569448 0.1697708 0.1498056 0.1740242 0.1587702 0.1646856 0.1633755 0.1665090 0.1695972 0.1716448 0.1684451 0.1716448 0.1716448 0.1716448 0.1716448 0.1684451 0.1736849 0.1751724 0.0482902 0.0439748 0.0439748 0.0482902 0.0459554 0.1777321 0.1777321 0.1781755 0.1790685 0.1815326 0.1716448 0.1769525 0.1688275 0.1815326 0.1793826 0.1724269 0.1688275 0.1716448 0.1833008 0.1810954 0.1890666 0.1890666 0.1674587 0.1674587 0.1645365 0.1679167 0.1666598 0.1666598 0.1898883 0.0495200 0.1866586 0.1866586 0.1934445 0.1867963 0.1867963 0.0469176 0.0491369 0.1813125 0.1774864 0.1625425 0.1728282 0.1696601 0.1752679 0.1606356 0.1601459 0.1716448 0.1558279 0.1866670 0.1866670 0.1696171 0.1662630 0.1696171 0.1820784 0.1786102 0.1696171 0.1696171 0.1696171 0.1729909 0.1596155 0.1662630 0.1683221 0.1629290 0.1629290 0.0439748 0.0459554 0.1724811 0.1760130 0.1660835 0.1833008 0.1660835 0.1821370 0.1662630 0.1694873 0.1620994 0.1620994 0.1589542 0.1620994 0.1576207 0.1496337 0.1576207 0.1589542 
EU523939_Coregonus_artedi         0.0251434 0.1571621 0.0062958 0.0046998 0.0233552 0.0214551 0.0232146 0.2278419 0.2240715 0.1672032 0.1620994 0.0359971 0.0249905 0.0378911 0.0379563 0.0359971 0.1696601 0.0000000 0.0015526 0.0062958 0.0079058 0.0249905 0.0249905 0.0249905 0.0267827 0.0249905 0.0015526 0.0015526 0.0046998 0.0062958 0.0063300 0.0062958 0.0214551 0.0214906 0.0214551 0.0031355 0.0232146 0.0195963 0.0249905 0.1620994 0.1540830 0.1571621 0.1665090 0.1633755 0.1633755 0.0436777 0.2240715 0.2278419 0.1738109 0.0233552 0.1780961 0.0232146 0.0285916 0.0249905 0.0269483 0.0232146 0.1633755 0.1652631 0.0251434 0.0252983 0.0252983 0.0251434 0.0249905 0.0249905 0.0256304 0.0015526 0.0000010 0.0015574 0.0436777 0.0015526 0.0047898 0.0239955 0.0270999 0.0384615 0.0295200 0.1558279 0.1672032 0.1589542 0.1589542 0.1620994 0.1728282 0.1696601 0.0218009 0.2493481 0.2506792 0.0233306 0.0251159 0.0234727 0.0216335 0.0235516 0.0216335 0.0249905 0.0249905 0.0251434 0.0232918 0.0232918 0.0185296 0.0249905 0.0239529 0.0157232 0.0234086 0.0251434 0.0252002 0.0186869 0.0218742 0.0209722 0.0234086 0.0250739 0.0234334 0.0174665 0.0250739 0.0234086 0.0236856 0.0250849 0.0171963 0.0255283 0.0220741 0.0231599 0.0031192 0.0269483 0.0251159 0.0267827 0.0267827 0.0267827 0.0267827 0.0267827 0.0267827 0.0267827 0.0251434 0.0257182 0.1620994 0.1602597 0.1602597 0.1620994 0.1633755 0.0232013 0.0232013 0.0232427 0.0214214 0.0263963 0.0267827 0.0251434 0.0250321 0.0263963 0.0265362 0.0268726 0.0250321 0.0232146 0.0265832 0.0263500 0.0037299 0.0037299 0.0380118 0.0380118 0.0282322 0.0263346 0.0225329 0.0225329 0.0256749 0.1878242 0.2967754 0.2967754 0.0274427 0.0299355 0.0299355 0.1816872 0.1853170 0.0252926 0.0232187 0.0243018 0.0015526 0.0031192 0.2240715 0.0259403 0.0218883 0.0267827 0.0249905 0.0056567 0.0056567 0.0243440 0.0224939 0.0243440 0.0263809 0.0244992 0.0262120 0.0300024 0.0262120 0.0243440 0.0262120 0.0262120 0.0263809 0.0243440 0.0243440 0.1602597 0.1633755 0.0252983 0.0031192 0.0246871 0.0265832 0.0246871 0.0248469 0.0224939 0.0265832 0.0267827 0.0267827 0.0249905 0.0304181 0.0233552 0.0249905 0.0233552 0.0249905 
